vec4 queryNetwork(vec3 p){
    vec4 PE_0 = vec4(p.x,p.y,p.z,sin(1.00*p.x));
    vec4 PE_1 = vec4(sin(1.00*p.y),sin(1.00*p.z),cos(1.00*p.x),cos(1.00*p.y));
    vec4 PE_2 = vec4(cos(1.00*p.z),sin(2.00*p.x),sin(2.00*p.y),sin(2.00*p.z));
    vec4 PE_3 = vec4(cos(2.00*p.x),cos(2.00*p.y),cos(2.00*p.z),sin(4.00*p.x));
    vec4 PE_4 = vec4(sin(4.00*p.y),sin(4.00*p.z),cos(4.00*p.x),cos(4.00*p.y));
    vec4 PE_5 = vec4(cos(4.00*p.z),sin(8.00*p.x),sin(8.00*p.y),sin(8.00*p.z));
    vec4 PE_6 = vec4(cos(8.00*p.x),cos(8.00*p.y),cos(8.00*p.z),sin(16.00*p.x));
    vec4 PE_7 = vec4(sin(16.00*p.y),sin(16.00*p.z),cos(16.00*p.x),cos(16.00*p.y));
    vec4 PE_8 = vec4(cos(16.00*p.z),sin(32.00*p.x),sin(32.00*p.y),sin(32.00*p.z));
    vec4 PE_9 = vec4(cos(32.00*p.x),cos(32.00*p.y),cos(32.00*p.z),0.0);
    
    vec4 f0_0 = relu(
    mat4(-.20,-.89,.06,-.08,-.57,.45,.78,-.14,-.59,-.13,-1.20,.12,-.10,-.40,.06,-.31) * PE_0 +
    mat4(-.01,.56,.07,-.13,-.47,.17,-.66,.20,-.47,-.63,-.41,-.02,-.10,-.43,-.43,-.07) * PE_1 +
    mat4(-.06,.11,-.24,-.35,.39,.67,-.22,-.13,.23,.71,-.08,-.37,-.15,.22,.02,.20) * PE_2 +
    mat4(.24,-.38,.09,-.01,.32,-.67,.56,.08,.08,.18,-.42,-.34,.08,.75,.06,.27) * PE_3 +
    mat4(.70,.02,-.36,-.37,-.50,.39,.43,.03,-.11,.77,-.01,-.52,.23,.28,.31,-.21) * PE_4 +
    mat4(.70,-.02,-.42,.16,-.60,.11,-.95,-.63,.10,.05,.06,-.40,-.03,-.72,-.75,-.09) * PE_5 +
    mat4(.43,-.32,.29,.11,-.07,-.90,-.64,-.45,.64,.52,-.23,.88,-.60,.32,-.42,-.39) * PE_6 +
    mat4(.35,-.02,.15,-.93,-.21,-.13,.14,.42,.36,.63,.07,.41,.72,-.23,.56,.28) * PE_7 +
    mat4(.79,.78,-.46,.22,-.06,.20,.13,-.30,-.07,-.06,.29,-.08,-.00,-.10,-.02,.69) * PE_8 +
    mat4(-.08,.07,.07,-.38,.10,.20,.06,-.21,-.20,-.22,.35,.53,.00,.00,.00,.00) * PE_9 + vec4(.23,-.08,-.21,-.47));
    vec4 f0_1 = relu(
    mat4(.14,.50,.93,-.04,.28,.23,-.83,.04,-.25,-.01,.04,.46,.12,.50,.67,-.40) * PE_0 +
    mat4(.47,.59,-.46,.24,.01,-.24,.30,.47,-.14,-.46,-.74,-.27,-.38,-.64,-.45,-.15) * PE_1 +
    mat4(-.53,-.35,-.30,.06,.36,.39,.36,-.48,.80,.67,-.05,.27,.16,-.14,.24,.60) * PE_2 +
    mat4(.06,-.73,-.91,-1.05,-.09,-.03,-.19,-.67,-.03,-.09,-.21,-.06,.17,.26,-.45,-.35) * PE_3 +
    mat4(.27,1.08,.07,.67,.61,.34,.65,.33,-.18,.36,-.18,-.30,-.11,.28,-.09,-1.01) * PE_4 +
    mat4(-.08,.75,.48,-.26,1.00,-1.89,.36,-.20,.03,.38,-1.16,-.53,.36,.58,-.56,.65) * PE_5 +
    mat4(.42,.18,-.89,.60,1.03,-.16,.07,-.71,-.52,.18,-.09,-.45,-.17,.38,-.86,.13) * PE_6 +
    mat4(-.04,.21,.56,-.01,.06,.01,-.51,.42,.12,-.22,.04,-.43,.09,.52,-.20,.30) * PE_7 +
    mat4(-1.00,.31,-.57,.95,-.08,.11,-.01,.05,-.36,.08,-.04,.23,.22,-.02,-.40,.62) * PE_8 +
    mat4(-.03,.04,.14,-.19,.19,.07,.20,-.08,-.77,-.13,-.17,.01,.00,.00,.00,.00) * PE_9 + vec4(-.61,-.42,-.31,.03));
    vec4 f0_2 = relu(
    mat4(.69,-.34,.01,-.78,.50,.01,.04,-.62,.39,.43,.20,.43,.60,-.49,.13,-.74) * PE_0 +
    mat4(.38,.26,.17,-.44,.63,.29,.22,.47,-.21,-.16,.34,-.38,-.06,-.08,.18,-.32) * PE_1 +
    mat4(-.06,-.42,-.30,-.12,.50,-.56,.03,-.07,.56,.34,.43,-.17,.39,.37,.35,.56) * PE_2 +
    mat4(-.94,-.77,.17,-.76,-.28,.15,.44,-.21,-.41,-.51,-.06,-1.10,-.87,-.28,.20,-.73) * PE_3 +
    mat4(.48,.27,.28,-.25,.10,-.39,-.09,-.28,.14,-1.35,-.37,-.25,.24,.34,-.02,-.50) * PE_4 +
    mat4(.08,-.01,.22,-.89,-.87,-.14,-.01,.29,-.48,-.52,-.07,.75,.34,.24,-.23,.06) * PE_5 +
    mat4(.28,.45,-.08,1.13,.09,.39,.08,.46,.14,-.23,.12,.84,-.34,-.07,.15,.27) * PE_6 +
    mat4(-.62,.42,-.57,-.15,-.83,-1.66,-.08,-1.15,-.61,-.67,-.16,.12,-.51,-.20,.51,.07) * PE_7 +
    mat4(-.49,.48,-.45,1.35,-.03,.58,-.22,-.02,-.03,-.02,.59,.05,.15,.41,-.01,-.04) * PE_8 +
    mat4(.27,-.25,.03,.17,.11,.32,.50,.04,.47,-.11,-.31,-.24,.00,.00,.00,.00) * PE_9 + vec4(-.09,-.42,-.41,.00));
    vec4 f0_3 = relu(
    mat4(-.17,.38,-1.33,-.55,.25,.01,-.62,.97,-.04,.00,-1.00,.13,-.11,.45,-.86,-.28) * PE_0 +
    mat4(-.05,-.00,-.70,.63,.02,-.03,-.85,.31,-.71,.23,-.65,-.10,-.56,.13,-.04,-.67) * PE_1 +
    mat4(-.55,-.34,-.06,-.06,-.28,.61,.32,-.23,.14,.14,-.32,.01,.30,-.15,-.37,.20) * PE_2 +
    mat4(-2.02,.51,-.53,.35,.02,.27,.15,-.42,-.53,-.08,-.02,-.40,-.03,.03,1.20,-.64) * PE_3 +
    mat4(.09,-.39,.10,.46,.62,-.29,.17,.62,-.68,-.54,.06,.38,.22,.16,-.13,-.72) * PE_4 +
    mat4(-.68,-.03,.44,.12,.02,.69,.30,.08,.29,-.29,-.52,-.45,-.65,-.32,.80,.06) * PE_5 +
    mat4(.83,.39,.22,.03,.62,-.14,-.27,.27,-.73,-.20,-.30,.24,-.22,-.21,-.20,-1.17) * PE_6 +
    mat4(.08,-.27,-.20,.75,1.04,-.45,-.10,-.07,-.49,-.28,.84,-.24,-.29,.02,.54,-.38) * PE_7 +
    mat4(-.10,-.09,.34,.62,.16,.48,.25,-.11,-.04,.02,.13,.18,-.23,-.52,-.04,.32) * PE_8 +
    mat4(-.02,1.01,.24,.34,.02,.14,.08,.25,-.56,.26,-.04,-.70,.00,.00,.00,.00) * PE_9 + vec4(-.69,-.38,.18,-.05));
    vec4 f0_4 = relu(
    mat4(.76,-.22,-.09,.28,-.40,1.04,.41,-.07,-.58,-.81,.08,-.70,.32,-.16,.35,.19) * PE_0 +
    mat4(-.26,.38,.16,.08,-.61,-.68,.15,-.43,-.61,-.10,-.29,-.35,.10,-.21,-.31,-.09) * PE_1 +
    mat4(-.18,-.04,.14,-.36,.13,-.46,.78,.47,-.30,-.01,.29,-.00,-.53,-.20,.19,-.25) * PE_2 +
    mat4(-.72,.57,-.60,-.27,-.07,.20,-.73,.23,-.28,.08,-.28,-.01,-.82,-.12,-.03,-.26) * PE_3 +
    mat4(-.53,.39,.67,.14,-.76,.49,.26,.42,-.68,.09,-.17,-.66,-.34,.14,-1.45,.60) * PE_4 +
    mat4(-.19,-.27,-.71,-.08,1.30,.56,.30,.20,-.15,.23,.02,.86,.78,.27,-1.60,.54) * PE_5 +
    mat4(-.33,.43,.09,.75,-.23,.72,-.52,.63,-.06,.01,.40,-.83,-.50,.02,-.37,-.19) * PE_6 +
    mat4(-.54,.14,-.14,-.50,.00,-.11,.14,-1.30,.15,-.66,.08,-.04,-.18,.16,1.02,.24) * PE_7 +
    mat4(.15,.03,.06,-.18,-.22,-.22,.18,-.20,.27,.15,-.19,.09,.01,.30,-.13,.64) * PE_8 +
    mat4(.09,.32,.01,.29,-.09,.44,-.57,-.12,-.09,-.28,.24,-.56,.00,.00,.00,.00) * PE_9 + vec4(.15,-.29,.02,-.43));
    vec4 f0_5 = relu(
    mat4(.16,.57,-.21,.21,-.33,-.19,-.65,.31,-.09,-1.00,-.05,-.76,.13,.07,-.39,.28) * PE_0 +
    mat4(-.43,.22,-.54,-.21,-.01,-.89,.09,-.64,-.05,-.46,-.52,.12,-.01,-.22,-.31,-.25) * PE_1 +
    mat4(-.17,-.25,-.50,-.08,.02,-.50,-.40,.18,-.05,.68,-.36,-.17,.02,-.54,.44,-.32) * PE_2 +
    mat4(.69,.09,.06,.41,.34,.10,-.16,-.01,.13,-.35,-.42,-.21,-.60,.84,.49,-.74) * PE_3 +
    mat4(.25,.59,.46,-.81,.44,.02,.56,-.55,.02,.60,1.15,.83,.65,1.27,-.10,-1.32) * PE_4 +
    mat4(1.09,.50,.16,-.23,.13,.17,-.17,-.07,-.15,.39,-1.33,-.86,.22,-.49,.51,-.01) * PE_5 +
    mat4(-.23,-.63,.30,.54,.38,-.20,.41,.45,.79,.43,-1.66,.86,.02,.36,-.02,.86) * PE_6 +
    mat4(.72,.01,.02,.20,.20,.74,-.01,.44,-.64,.61,-.02,.04,-.76,-.12,-.10,-.45) * PE_7 +
    mat4(-.20,-.22,.96,.07,-.20,.29,-.18,-.28,.07,-.18,.12,.06,.26,-.03,.61,.05) * PE_8 +
    mat4(.27,.19,.34,.35,.43,-.17,-.26,-.11,.00,-.12,.10,-.01,.00,.00,.00,.00) * PE_9 + vec4(-.48,-.22,-.59,.19));
    vec4 f0_6 = relu(
    mat4(-.03,-.31,.68,.14,-.03,-.03,.35,-.23,-.30,-.18,.75,-.41,-.18,.02,.34,.23) * PE_0 +
    mat4(.15,-.16,.19,-.22,-.23,.10,.59,-.34,-.39,-.28,-.02,-.12,-.47,-.28,.15,-.19) * PE_1 +
    mat4(-.44,-.19,-.35,-.40,.04,.21,.07,.40,.03,.01,.35,-.31,.06,.32,.12,.15) * PE_2 +
    mat4(-.01,-.64,.11,.70,.23,.32,-.04,.30,-.35,-.06,-.89,-.09,.71,.26,-1.62,.01) * PE_3 +
    mat4(.02,-.54,.72,-.27,.43,.52,.07,.24,-.34,-.59,-.36,.69,.29,.27,-.57,.15) * PE_4 +
    mat4(-.47,-.81,-.19,-.34,.86,-.09,-1.01,-.06,.12,.18,-.44,-.06,.01,-.78,.64,-.36) * PE_5 +
    mat4(.71,.73,-.41,.07,.22,.31,.05,.05,-.30,.56,-.79,-.10,-.41,.09,.09,-.25) * PE_6 +
    mat4(.28,.42,.25,-.36,-.11,.32,-.75,.12,.03,.31,.61,.44,.40,.28,.63,-.75) * PE_7 +
    mat4(-.37,.26,-.20,.66,-.18,-.13,.01,.20,.99,.18,.16,-.20,-.26,-.22,.19,-.48) * PE_8 +
    mat4(.63,.00,-.13,-.29,-.15,.39,-.09,.68,-.83,1.03,.24,-.03,.00,.00,.00,.00) * PE_9 + vec4(-.80,-.24,.11,-.48));
    vec4 f0_7 = relu(
    mat4(-.21,-.37,-.03,.33,.10,-.10,-.00,-1.42,.19,-1.65,-.81,-.20,-.35,-.29,-.37,-.03) * PE_0 +
    mat4(.33,-.16,-.41,-.91,.20,-1.39,-.77,-.11,.27,-.05,.13,-.60,.24,-.18,-.19,-.55) * PE_1 +
    mat4(-.17,-.52,.12,-.11,-.22,-.32,-.54,-.06,.42,.16,-.27,-.16,.32,-1.02,-.74,.23) * PE_2 +
    mat4(.36,.17,.48,.12,.39,-.21,-.22,-.00,-.10,-.94,-.06,-.27,.57,-.24,-.01,-.34) * PE_3 +
    mat4(.35,.44,.21,.35,.16,-.41,-.10,.70,-.21,-1.01,-.46,.00,.25,-.35,.09,.20) * PE_4 +
    mat4(.13,-.71,-.31,-.56,.11,.69,.73,-1.18,-.37,-.15,-.50,-.52,-.13,-.63,.89,.82) * PE_5 +
    mat4(-.50,-.76,.05,.69,-.47,-.31,-.77,-.54,-.01,-.00,.99,.29,.79,.75,.29,.24) * PE_6 +
    mat4(.03,-.22,.16,-.36,.41,-.83,.03,-.24,-.08,-.74,-.24,.19,.06,.02,.99,.69) * PE_7 +
    mat4(-.17,.19,-.60,.11,-.45,-.13,-.04,-.81,-.46,-.29,-.02,-.18,-.13,-.01,.08,.04) * PE_8 +
    mat4(.07,-.15,-.07,-.21,.60,.11,-.07,.46,.01,-.10,.34,.25,.00,.00,.00,.00) * PE_9 + vec4(-.40,-.02,.21,-.16));
    vec4 f0_8 = relu(
    mat4(.07,.03,-.00,-.19,.55,-.27,-.07,-.61,-.51,-.62,-.37,-.12,-.29,-.15,-.22,-.01) * PE_0 +
    mat4(.35,-.02,-.04,-.67,-.61,-.56,-.23,-.08,-.36,-.11,-.15,-.10,.01,-.21,-.17,-.02) * PE_1 +
    mat4(-.01,-.10,-.23,-.47,-.36,-.03,-.37,-.18,.09,-.04,.12,-.59,-1.01,.05,.10,-.40) * PE_2 +
    mat4(-.79,.40,.37,.51,.04,.20,.50,.35,-.22,.10,.31,.03,.64,-.08,-.13,-.46) * PE_3 +
    mat4(.15,-.23,-.07,-.22,-.40,.63,.35,-.28,-.28,-.21,-.02,.85,.22,.04,.30,.08) * PE_4 +
    mat4(.78,-.04,.20,.66,.10,-.09,.14,-.41,-1.18,.63,-.15,-.06,-.25,-.52,-.32,-.66) * PE_5 +
    mat4(-.40,.90,.01,.16,-.05,.99,.76,.40,-.32,-.14,-.10,-.26,-.06,.17,.18,-.07) * PE_6 +
    mat4(.81,-.15,.29,-.30,-.01,.09,-.71,.11,-.18,.19,.32,.40,.59,.15,-.10,.44) * PE_7 +
    mat4(-.19,-.39,-.42,.44,-.46,.20,.03,.16,-.23,-.17,.21,.09,-.13,-.47,-.51,.25) * PE_8 +
    mat4(.20,-.59,.53,-.49,.00,-.43,-.04,.48,-.32,-.13,.58,.26,.00,.00,.00,.00) * PE_9 + vec4(.18,-.57,-.27,-.64));
    vec4 f0_9 = relu(
    mat4(-.16,-.86,-.34,.00,-.30,.47,-.17,-.12,-.07,.15,-.09,-.11,.11,-.38,-.14,-.10) * PE_0 +
    mat4(-.50,.30,.09,-.03,-.31,.44,-.11,-.08,-.17,-.10,-.40,.08,-.37,-.07,-.24,.07) * PE_1 +
    mat4(.14,.21,.22,-.07,.40,.37,-.28,-.11,-.40,.07,.10,-.11,-.45,.30,-.10,.36) * PE_2 +
    mat4(-.28,-.46,-1.14,.70,-.87,-1.12,.07,.49,.18,-.33,.38,.22,1.06,.38,-1.03,-.37) * PE_3 +
    mat4(.07,-.67,.07,-.27,.03,.31,.49,.12,-.72,.25,-.12,.11,-.77,-1.02,-.36,-.08) * PE_4 +
    mat4(.80,-.79,.47,.09,-.62,.32,.32,-.15,-.71,.63,.35,.30,-.53,-.27,-.28,-.08) * PE_5 +
    mat4(-.47,-.24,-2.12,.26,.07,-.50,-1.40,-.30,-.17,-.00,.38,.24,-.10,-.23,.20,-.13) * PE_6 +
    mat4(-.16,.16,-.24,-.23,.50,.16,.36,.05,-.21,-.12,-.25,.07,.44,-.17,-.23,.44) * PE_7 +
    mat4(-.16,-.18,.52,-.32,-.25,-.08,.08,-.62,.22,-.13,.06,-.20,.74,.24,.17,-.08) * PE_8 +
    mat4(-.15,.10,-.19,.14,-.06,.16,-.03,.26,-.06,-.50,-.04,.32,.00,.00,.00,.00) * PE_9 + vec4(.02,.12,.11,-.46));
    vec4 f0_10 = relu(
    mat4(.59,-.18,-.49,-.28,-.59,-.20,.34,.66,-.50,.98,-.73,.49,.40,.02,-.42,-.36) * PE_0 +
    mat4(-.18,.09,.09,.68,-.15,.80,-.72,.43,-.50,-.10,.31,-.20,-.56,-.07,-.06,-.16) * PE_1 +
    mat4(-.29,.27,.15,-.24,-.12,.11,-.25,-.47,-.07,.13,-.18,.15,.10,.39,-.64,.49) * PE_2 +
    mat4(-.05,-.80,.74,.35,.14,-1.07,.74,-.27,-.75,-.58,.43,-.42,.08,-.40,.05,-.79) * PE_3 +
    mat4(-.60,-.36,.02,.12,-.58,-.13,-.19,.53,-.47,.23,.34,1.55,-.66,-.90,-.42,-.03) * PE_4 +
    mat4(-1.20,.07,.19,-.64,-.95,.54,.11,-.01,-.13,.24,.50,.41,.41,.30,.98,-1.40) * PE_5 +
    mat4(-.03,-.78,-.60,.19,-1.39,-.03,-.90,.33,1.05,-.11,-.21,.43,-.31,.23,.15,-.42) * PE_6 +
    mat4(-.38,-.05,-.36,.06,.06,.13,-.73,-.26,-.03,.30,-.22,-.35,.16,.11,.18,.13) * PE_7 +
    mat4(1.66,-.48,.50,.21,.17,-.09,-.10,-.14,-.05,.35,-.11,-.16,.24,.16,.06,.58) * PE_8 +
    mat4(-.09,-.19,-.13,.02,-.11,.11,-.25,-.09,.03,-.21,-.31,-.15,.00,.00,.00,.00) * PE_9 + vec4(-.16,.60,.05,-.23));
    vec4 f0_11 = relu(
    mat4(.13,.41,.92,.81,.02,.21,1.01,-.62,-.20,.30,.39,.02,.15,.31,.63,.48) * PE_0 +
    mat4(.23,.44,.87,-.41,-.22,.10,.53,.06,-.03,-.15,-.28,-.33,-.14,-.35,-.13,-.21) * PE_1 +
    mat4(-.24,.05,.01,-.19,.41,-.12,-.14,-.16,.13,.47,.67,.02,.08,.04,.32,-.15) * PE_2 +
    mat4(.36,.08,-.12,.26,.32,-.36,-.55,.11,-.04,-.52,-.40,-.70,.61,-.95,.17,-.39) * PE_3 +
    mat4(-.48,-.70,-.05,1.04,.38,-.26,.55,-.43,.10,.35,-.66,1.69,-.18,.29,-1.14,.64) * PE_4 +
    mat4(.06,-.53,-.22,-.67,-.02,.70,-.18,-.58,-.04,1.30,.00,.21,-.03,.02,-.44,-.50) * PE_5 +
    mat4(.28,-.09,-.33,-.03,-.02,.82,-.24,.77,.04,1.05,.82,.83,.40,-.56,.50,-.09) * PE_6 +
    mat4(-.19,-.47,.71,-.42,-.32,-.14,-1.16,.10,.17,.36,.05,-.15,-.25,-.71,-.34,.54) * PE_7 +
    mat4(.34,-.58,.51,-.09,1.01,-.09,-.23,-.17,.34,-.12,.01,-.09,.08,.20,.01,-.15) * PE_8 +
    mat4(-.43,-.20,-.18,.05,.01,-.27,-.25,.15,.13,-.20,.04,-.17,.00,.00,.00,.00) * PE_9 + vec4(-.57,.07,-.02,.12));
    vec4 f0_12 = relu(
    mat4(.15,.93,-.58,-.27,-.17,-.70,-.24,-.72,-.22,.12,-.04,.31,.38,.69,-.67,-.27) * PE_0 +
    mat4(-.13,-.41,-.34,-.57,-.28,.13,.21,-.13,-.01,-.12,.01,-.19,.11,-.50,-.28,-.19) * PE_1 +
    mat4(-.26,-.30,-.46,.01,.40,.21,-.89,.09,-.14,-.07,-.23,-.38,-.09,.32,.16,-.42) * PE_2 +
    mat4(.46,.35,.58,-1.23,.27,-.26,.25,-.22,.14,-.37,-.22,-.03,.29,-.42,-.53,.60) * PE_3 +
    mat4(-.12,.89,.13,-.52,-.07,.41,.61,-.18,.12,.56,.29,-.74,.27,-.34,.16,.06) * PE_4 +
    mat4(-.23,-.34,.19,1.44,-.26,.17,-.48,.57,-1.11,-.04,-.79,-.82,.03,-.83,.46,1.60) * PE_5 +
    mat4(-1.17,-.47,.27,-.23,-.75,.76,.71,.23,.19,-.30,.41,-.43,.16,.78,-.36,.73) * PE_6 +
    mat4(-.70,-.61,-.07,-.22,.44,-.74,.45,-.51,-.05,.21,.51,.23,1.06,.01,.07,-.21) * PE_7 +
    mat4(.87,.20,.43,-.04,-.08,-.05,-.12,.08,.44,-.38,-.47,-.38,.26,-.38,-.26,-.08) * PE_8 +
    mat4(-.51,.52,-.53,.03,-.15,.66,-.25,-.12,.14,.46,-.62,.04,.00,.00,.00,.00) * PE_9 + vec4(-.45,-.14,-.71,.05));
    vec4 f0_13 = relu(
    mat4(.01,.17,.91,-.87,-.58,.40,-.76,-.67,.06,.70,.20,.06,.44,.05,.58,-.99) * PE_0 +
    mat4(-.40,.47,-.64,-.75,.10,.64,.25,-.00,-.32,.18,-.34,-.57,-.08,.35,-.24,-.01) * PE_1 +
    mat4(-.03,-.51,-.19,-.36,.57,-.23,-.06,-.75,-.50,.93,-.32,-.73,.44,.10,.28,.04) * PE_2 +
    mat4(-.39,.45,-.61,-1.41,-.11,.49,-.57,-.18,.11,-.76,-.33,-.32,-.42,-.46,-.25,.20) * PE_3 +
    mat4(-.27,.86,-.25,-.71,.82,-1.61,.66,.17,-.69,.17,-.49,.02,-.41,.38,-1.11,-.43) * PE_4 +
    mat4(.04,.06,-.56,.03,-.15,.01,.51,1.15,-.45,-.31,1.18,.94,.81,-.13,.19,.51) * PE_5 +
    mat4(-.93,-.70,.41,.06,-1.00,-.15,.54,-.59,.58,.45,.36,-.66,-.03,.12,-.24,.44) * PE_6 +
    mat4(.13,.98,.41,-.11,-.12,.26,-.33,-.44,-.68,-.13,-.01,-.53,-.43,.52,-.01,.45) * PE_7 +
    mat4(-.09,-1.22,.42,.06,.04,.35,.08,.18,.47,-.17,-.49,.06,-.11,-.23,.05,.47) * PE_8 +
    mat4(.20,-.23,-.19,.21,-.12,.06,.46,-.08,.05,-.07,.90,-.56,.00,.00,.00,.00) * PE_9 + vec4(-.11,-.18,-.22,-.22));
    vec4 f0_14 = relu(
    mat4(-.02,-.21,.11,.26,.20,-.35,.25,1.07,.12,-.04,.75,-.36,-.14,-.36,.23,.24) * PE_0 +
    mat4(.24,-.07,.58,.28,-.19,-.03,.87,-.32,-.17,.23,.07,-.17,-.05,.13,-.09,-.43) * PE_1 +
    mat4(-.69,-.12,-.55,.06,.17,-.53,.11,.27,.19,-.04,.46,-.50,-.14,-.28,.60,-.21) * PE_2 +
    mat4(.28,.02,.72,-.69,.39,.26,-.05,-.30,-.76,.28,-1.29,.11,.61,-.70,-.17,-.64) * PE_3 +
    mat4(.13,-.39,.30,-.80,-1.03,-.11,-.09,.20,.43,-.19,1.37,-.68,.50,-.30,-.32,.46) * PE_4 +
    mat4(-.30,.60,.01,-.39,-.24,.92,-.01,.91,-1.16,-.87,1.03,-.45,.59,.10,-.04,.95) * PE_5 +
    mat4(-1.17,.61,-.57,.32,-.89,.25,-.34,-.72,.28,.58,-.19,.84,.28,.80,-.15,.59) * PE_6 +
    mat4(.22,.29,.47,-.84,1.00,-.13,-.11,-.65,.02,-.10,-.88,.35,.18,-.11,-.21,-.38) * PE_7 +
    mat4(.37,-.26,.49,-.12,-.15,.01,-.12,-.36,-.01,-.14,.25,.06,.73,-.41,-.38,.02) * PE_8 +
    mat4(.32,.37,.14,.12,.39,-.50,-.07,.22,-.39,.22,.11,.22,.00,.00,.00,.00) * PE_9 + vec4(-.49,-.16,-.27,.04));
    vec4 f0_15 = relu(
    mat4(.13,-.30,-.10,.40,.02,-.30,-.15,.11,-.12,-.47,.06,.77,.11,-.29,.08,.44) * PE_0 +
    mat4(-.23,-.08,-.32,.02,-.03,-.31,.00,.43,.10,-.28,.16,.26,.08,-.53,.10,-.19) * PE_1 +
    mat4(-.27,-.39,-.08,-.18,.37,-.55,-.09,.17,-.32,.15,-.05,.45,.28,-.04,.30,.34) * PE_2 +
    mat4(.40,.17,.67,.77,.25,.33,.52,-.51,.26,-.13,.24,-.66,.32,.71,.02,-.40) * PE_3 +
    mat4(-.58,.24,.18,1.40,.47,.54,-.24,-.53,.08,.05,.25,.69,.25,.96,-.31,-.30) * PE_4 +
    mat4(-.00,.18,.25,-.36,.23,.60,-.07,-.12,.39,-.30,.43,.38,.01,.10,-.29,-1.26) * PE_5 +
    mat4(-.12,-.85,.15,-.16,-.65,-.66,-.49,-.63,.21,-.71,.27,-.30,.07,.12,.22,.26) * PE_6 +
    mat4(.80,.03,-.26,.06,-.24,-.11,.19,-.05,.69,-.10,-.06,.07,.02,-.70,.18,.62) * PE_7 +
    mat4(.48,-1.70,.13,.19,-.31,.33,.14,-.06,-.38,-.07,.56,.33,-.16,-.73,.37,-.09) * PE_8 +
    mat4(-.40,.31,.33,.34,.20,-.16,-.58,.16,-.34,-.05,-.02,.48,.00,.00,.00,.00) * PE_9 + vec4(-.53,-.59,-.52,-.18));
    
    vec4 f1_0 = relu(
    mat4(-.47,.36,-.48,.08,-.54,.48,.31,-.13,.09,-1.17,-.21,.57,-.09,-.95,.18,.39) * f0_0 +
    mat4(.09,-.62,-.50,.46,.65,.40,-.01,-1.59,-1.02,-.07,.14,-.46,1.15,.05,-.02,-.03) * f0_1 +
    mat4(-.70,.03,.07,-1.25,-.07,.47,-.23,-.08,.34,-.55,-.00,.15,-1.36,.95,-.96,-.10) * f0_2 +
    mat4(.15,.17,-1.33,.63,.15,-1.35,-.11,-.26,.68,-.13,-2.01,-.38,.18,-.42,.21,-.73) * f0_3 +
    mat4(-1.10,-1.47,.24,-2.34,-.18,.15,.29,-.05,-.76,-1.99,-.62,-.64,.66,.01,-.02,.29) * f0_4 +
    mat4(.10,-.35,.16,.69,.53,1.14,-.99,-.04,-.20,.94,-.40,-1.57,.07,.34,-.52,.82) * f0_5 +
    mat4(.53,-2.80,-.52,-.82,.20,.37,.11,.41,-.80,.25,-.39,-.38,.36,-.60,.11,-.36) * f0_6 +
    mat4(-.06,-.05,.18,.27,.01,.38,.72,-2.07,-.73,-1.73,-.41,.14,-.73,.60,-.02,-.12) * f0_7 +
    mat4(-1.14,-1.15,.02,-1.08,-.08,-.38,-.09,-.54,.14,-.40,-1.07,.22,.64,-.01,-.39,.11) * f0_8 +
    mat4(-1.62,.24,.33,.17,-.41,-.39,-.26,-.76,-.29,.02,.31,.13,-.07,-.01,-.08,.12) * f0_9 +
    mat4(.96,-3.19,.18,-.16,.39,1.22,-.63,-.61,.01,.21,.41,.86,.11,-.69,-.12,.04) * f0_10 +
    mat4(-.67,.21,.09,-.20,-.29,.24,-.36,-.38,-.68,-.62,-1.27,-.33,.65,.60,-.11,-1.71) * f0_11 +
    mat4(.14,.39,.25,-.49,-.36,.59,.58,-.60,-.35,.17,.48,-.16,-.56,-.65,-.15,-.79) * f0_12 +
    mat4(-.22,-1.92,.04,-.83,-.70,-.52,-.76,-.11,-.62,-.70,-.16,-1.18,-1.18,.43,.23,.15) * f0_13 +
    mat4(-.01,-1.45,.34,-1.02,-.22,-.23,-.30,-.05,-.36,-.92,-.22,.01,-.23,-.99,.53,-.59) * f0_14 +
    mat4(.21,-.19,-.65,.26,.56,-.31,.24,.50,.08,-1.22,-.05,-.24,-.44,.20,-.07,-.55) * f0_15 + vec4(-.26,-.17,.07,.17));
    vec4 f1_1 = relu(
    mat4(-.05,.03,-.15,-.07,-.27,.63,-.15,-.04,-.07,-.63,-.16,.05,-.46,.03,-.08,.04) * f0_0 +
    mat4(.60,-2.12,-.07,.02,-.18,.58,-.19,-.20,-.24,-.37,-.37,-.12,-.98,.68,-.13,-.10) * f0_1 +
    mat4(-.44,-.48,-.15,-.14,-.19,.03,-.14,-.16,.03,.08,-.16,-.09,.95,.80,-.05,-.03) * f0_2 +
    mat4(.29,-.39,-.01,-.04,.27,-.08,-.17,-.05,-.75,.36,.03,-.08,-.77,.59,-.11,-.06) * f0_3 +
    mat4(-1.82,-.32,-.10,-.12,.03,.32,-.11,-.10,-.08,.79,.06,.06,-.15,-.49,-.32,.01) * f0_4 +
    mat4(-.84,-.19,-.09,.02,.12,.91,-.03,-.09,-.26,.42,.06,-.01,-1.63,-2.30,-.09,-.26) * f0_5 +
    mat4(.38,-.47,-.06,-.11,.15,-.40,-.09,-.09,-.68,.06,-.12,.02,.23,-.53,-.21,-.17) * f0_6 +
    mat4(-.38,-.18,-.09,-.12,-1.54,.33,.03,-.12,-1.23,.32,-.15,.07,.59,.40,-.04,.04) * f0_7 +
    mat4(-1.22,-.11,-.14,-.18,.34,.44,-.11,.03,-.66,-.23,-.09,-.04,-1.09,.07,-.06,.05) * f0_8 +
    mat4(.31,-.16,.01,-.04,-.50,-.05,-.00,-.14,-.59,-.20,-.14,-.13,-.24,.41,-.20,-.06) * f0_9 +
    mat4(.17,-.94,-.09,-.11,-1.39,-1.06,-.12,.03,.20,-.01,-.13,-.22,-1.26,-.33,-.09,.04) * f0_10 +
    mat4(.05,-.45,-.10,.01,.07,.34,-.19,-.15,-.42,-1.10,-.24,-.15,-.18,-.27,-.20,-.13) * f0_11 +
    mat4(-.80,-.34,-.25,-.07,.01,-.48,-.24,-.11,.46,-.16,-.16,-.07,-1.75,-.40,.05,-.12) * f0_12 +
    mat4(-1.41,.24,-.01,-.14,-.49,.64,-.17,-.04,-.37,-.21,-.31,-.08,-.33,.99,-.09,.05) * f0_13 +
    mat4(.37,.29,-.16,.04,-.15,-.10,-.24,-.01,1.62,-.21,-.12,-.13,-1.15,.02,-.16,-.11) * f0_14 +
    mat4(.54,.31,-.21,-.18,-.07,-.76,-.01,-.12,-.05,.11,-.27,-.14,.01,-.23,-.21,-.06) * f0_15 + vec4(.02,.13,-.26,-.02));
    vec4 f1_2 = relu(
    mat4(-.44,-.68,-.30,-.06,-.01,.73,.22,-.13,.28,-.27,-.29,-.05,.29,.26,-.09,.03) * f0_0 +
    mat4(-.38,.22,-.31,-.05,-1.50,-.45,.66,-.12,.40,-1.28,-.44,.08,-.25,-.56,-.08,-.14) * f0_1 +
    mat4(.20,-.91,-.14,-.06,-.73,-.40,.36,.03,-.66,-.04,.03,-.12,.23,-.22,.91,-.01) * f0_2 +
    mat4(.45,.61,.17,-.07,.21,.19,-.22,-.09,-.14,-1.17,.36,-.01,.67,-.77,-.77,.04) * f0_3 +
    mat4(.21,.39,.33,.05,.52,.06,.43,-.10,-.20,-.59,-.29,-.04,.14,.71,.18,-.15) * f0_4 +
    mat4(.01,.69,-.36,-.05,.28,-.46,.46,-.13,-.38,-1.00,-.98,.06,.08,.29,.19,-.02) * f0_5 +
    mat4(-.51,.34,.08,-.11,.64,.30,.09,.06,.14,-.21,-.20,-.08,-.24,-.44,-.16,-.14) * f0_6 +
    mat4(-.90,.06,.02,-.12,.46,-3.51,.52,-.13,-.54,-.43,-.13,-.04,.28,.15,.63,.02) * f0_7 +
    mat4(.22,-.49,-.55,.03,-.82,-.05,-.32,-.15,-.56,.44,-.24,-.08,.02,.19,.32,-.07) * f0_8 +
    mat4(.06,.02,.01,-.03,.23,-1.01,.14,-.07,-.46,.34,.38,-.09,.04,-.31,-.36,-.16) * f0_9 +
    mat4(.47,-.11,.66,-.02,.30,-.85,-.09,-.04,.46,.55,-.58,-.08,-.03,-1.60,.55,-.02) * f0_10 +
    mat4(-.16,-.30,.43,-.02,-.24,-.10,-.02,.04,.38,-1.35,.11,-.15,.29,-1.29,-.25,-.15) * f0_11 +
    mat4(.24,-.86,-.18,-.08,.47,-.31,.88,-.00,-.17,.33,-.34,-.10,-.01,-.31,-.58,-.05) * f0_12 +
    mat4(.07,-.47,-.14,-.09,-.97,.05,-.74,.02,-.13,-.38,-.22,-.11,-.75,.11,-.96,-.09) * f0_13 +
    mat4(-.76,-.48,-.43,.00,-.76,.26,-.48,-.07,.02,.23,.78,.04,1.20,-1.30,.66,.00) * f0_14 +
    mat4(.14,-.41,.34,.03,-.07,.40,.04,-.00,-.62,-.03,.27,-.17,.30,-.78,-.07,.01) * f0_15 + vec4(-.09,-.02,-.32,.00));
    vec4 f1_3 = relu(
    mat4(-1.45,.34,.40,-.04,-1.12,.35,1.14,-.17,.22,.35,.21,-.31,.36,.42,-.68,-.25) * f0_0 +
    mat4(.49,-.38,.72,-.02,-.88,-.95,-1.16,-.42,-1.51,-.06,-.28,-.04,-1.14,-.41,-.05,-.10) * f0_1 +
    mat4(-.55,-.81,.11,-.14,-.42,-.59,-.63,.03,-.09,-.59,-.25,-.25,-2.46,.06,-.87,-.15) * f0_2 +
    mat4(.78,-.13,-.36,-.13,-.29,-.80,-1.01,-.26,-1.37,.34,.73,-.20,-1.31,-.32,.82,-.21) * f0_3 +
    mat4(-.46,.65,.34,.04,.72,.45,-.19,-.04,-1.89,-1.21,-.27,.04,.91,.35,.38,.01) * f0_4 +
    mat4(-.11,-1.32,-1.00,-.12,-.60,-.38,1.14,-.01,-1.09,.21,.84,-.30,-1.27,-.75,-.26,-.31) * f0_5 +
    mat4(.35,-.27,-.02,-.20,.42,-.22,.27,-.17,-1.17,.28,-.56,-.02,-.10,.38,-.13,-.12) * f0_6 +
    mat4(.36,-1.56,-.26,-.17,-2.59,-.52,.39,-.26,-1.03,-.26,-.75,-.23,.44,-1.15,.25,-.18) * f0_7 +
    mat4(-1.02,-.10,.46,.10,.32,-.05,.27,-.24,.30,-.13,.09,-.15,-.41,-.03,-.02,-.30) * f0_8 +
    mat4(-.44,-.21,.23,-.24,-.17,1.30,.57,-.17,-1.89,.21,.63,-.28,-.11,-.21,-.37,-.19) * f0_9 +
    mat4(1.37,-1.14,-.39,-.53,-.58,.90,.93,-.27,.47,-.06,-1.78,-.09,.02,-1.50,-.43,-.08) * f0_10 +
    mat4(-.05,.61,.07,-.27,-.78,.28,.87,-.16,-.95,-.12,-.48,-.07,-.76,.54,-.01,-.25) * f0_11 +
    mat4(.43,-1.12,-.57,-.29,-.20,-1.66,.58,-.09,-.33,-.46,-.53,-.23,-1.04,-.19,.78,-.05) * f0_12 +
    mat4(.41,-.15,.62,-.02,-.02,-.10,-.34,.14,-1.28,.26,.55,-.07,-2.21,-.39,.08,-.09) * f0_13 +
    mat4(.79,-1.04,-.50,-.08,.20,-.24,.13,-.17,-.81,.10,1.54,-.24,-1.28,.23,-1.25,-.33) * f0_14 +
    mat4(.09,-.31,-1.19,-.11,.52,-.47,.28,-.07,-.25,.02,-.17,-.17,-1.17,-.84,-.00,-.19) * f0_15 + vec4(-.15,-.27,-.30,-.22));
    vec4 f1_4 = relu(
    mat4(.48,-.06,.12,-.40,.06,-1.84,.77,-1.08,.80,-.13,-.49,.75,-.08,.59,-.33,-.51) * f0_0 +
    mat4(-.73,-.27,.07,-.35,-.44,.88,.82,.09,.06,-1.02,.15,-.62,.08,.17,.38,-1.51) * f0_1 +
    mat4(.04,.42,.56,-.14,-.58,-.23,-.52,-.21,-.30,-.17,.01,-.44,-.25,-.57,-.99,.70) * f0_2 +
    mat4(.02,.46,.38,-1.24,-.89,-.18,-.55,-.29,.52,.13,.01,.04,-.14,-.52,.50,.29) * f0_3 +
    mat4(.10,.15,.85,.01,.33,-1.24,.47,.24,.85,.41,.81,.37,-.07,.56,.56,.54) * f0_4 +
    mat4(.45,-.01,-.01,.18,-.02,.62,.65,.40,.04,1.18,-1.05,-.52,.20,.35,-.18,-.11) * f0_5 +
    mat4(-.04,-.25,-.17,.20,-.34,-.31,-.80,-.93,-.09,-.25,-.57,-.05,.28,-.51,-.43,-1.00) * f0_6 +
    mat4(-.01,-.94,.03,-.05,.20,-.85,.21,.27,-.10,.53,.49,.82,-.46,.41,.25,.33) * f0_7 +
    mat4(.06,-.09,.05,-.25,.27,-.74,-.08,.52,.11,-.15,-.31,.27,.19,-.15,-.28,-.01) * f0_8 +
    mat4(.07,.60,.46,.07,.16,.18,.30,-.72,-.27,.04,-.14,-1.48,.03,-.50,-.25,-.30) * f0_9 +
    mat4(.07,.21,.34,.25,-.31,-.73,.44,-.06,.30,-.73,.00,-.26,-.78,-.62,.53,-.11) * f0_10 +
    mat4(-.87,-.62,-.01,-.10,-.29,-.04,.23,.50,.01,.37,.53,.46,.70,.45,-.28,.30) * f0_11 +
    mat4(.33,-.25,.09,.43,-.44,-.67,-.08,-.16,.06,.91,.59,-.39,-.89,.26,-.36,-.51) * f0_12 +
    mat4(-.06,-.96,-.45,-.36,-.25,-.14,-.09,-.96,-.19,-.27,-.22,.09,-.43,.32,.53,.14) * f0_13 +
    mat4(-.46,-.04,-.23,-.21,.07,.53,-.43,.14,-.73,-1.63,-.51,-.22,-.93,-.23,.25,-.13) * f0_14 +
    mat4(-.13,.13,-.30,-.29,.45,-.25,.26,.45,.24,-.78,.38,.28,-.15,.99,.30,-.26) * f0_15 + vec4(-.32,.13,-.02,-.19));
    vec4 f1_5 = relu(
    mat4(-.11,-.65,-.18,.29,-.94,-1.23,-.31,-.24,.15,.48,.08,-.62,.42,-1.13,.06,.30) * f0_0 +
    mat4(.25,-.28,.36,.31,-.84,-.41,-1.12,-.86,.55,-.18,-.49,-.13,-.81,-.14,-1.65,.63) * f0_1 +
    mat4(.29,.29,-.13,-.34,-.63,-.69,-.34,.11,-.38,-.17,.13,.10,-1.08,-.19,-.30,.78) * f0_2 +
    mat4(-.02,-.76,.80,-.61,.37,-.14,.04,.24,.15,-.20,-1.26,1.30,-.20,-.50,-.54,-.19) * f0_3 +
    mat4(-.14,-1.20,-1.21,-.23,.14,-.17,-.11,.28,-.02,-.90,-.36,-.64,.04,-.03,.60,.01) * f0_4 +
    mat4(-.54,.26,.10,-.48,.62,-.00,-1.27,-.20,.32,.17,-.67,-.77,.20,-.22,.50,-.50) * f0_5 +
    mat4(.05,-.05,.40,-.10,-.74,-.64,.43,-.55,-.07,-.58,-.67,.74,.17,.52,-.17,-.88) * f0_6 +
    mat4(-1.22,-.04,.14,-.01,.33,-.56,-1.14,-.97,-.17,.66,-.39,-.48,.06,-.62,-.55,.56) * f0_7 +
    mat4(-.02,.32,-.41,.35,-.24,.24,.31,.51,-.38,-.26,.38,-.52,-1.06,.25,-.41,-1.49) * f0_8 +
    mat4(.73,-1.09,.38,.58,.09,-.55,-.84,-.97,.01,.42,-2.02,-1.44,.05,.49,.07,.14) * f0_9 +
    mat4(-.14,.53,.06,.29,.65,-.53,-.82,.84,.37,.12,.36,-1.50,.19,-.55,-1.02,-1.47) * f0_10 +
    mat4(-.37,-.42,-.23,.18,-.25,.75,-.21,-1.63,.41,-2.64,.20,.10,.35,-1.38,-1.03,-.36) * f0_11 +
    mat4(-1.29,-.01,-1.00,-1.32,.07,.77,-.33,.16,-.66,.35,.44,.73,-.82,.54,-.34,1.46) * f0_12 +
    mat4(-.18,-.36,-.56,-.67,.31,.54,-.40,-1.99,.63,.13,-.28,.36,-.25,.87,-.09,-.90) * f0_13 +
    mat4(-.52,-.09,-.29,-.30,-.44,-.15,.11,-.29,.78,-.13,-.02,-.87,.03,-.41,-.39,1.08) * f0_14 +
    mat4(-.23,-.33,-.11,.43,-.33,-.09,.34,-.04,-.44,.48,-.13,-.13,.51,-.50,-.28,.09) * f0_15 + vec4(-.11,-.15,-.12,-.15));
    vec4 f1_6 = relu(
    mat4(.16,-.02,-.09,-.66,.06,-1.13,-.20,-.14,-.07,-.84,.35,.46,-.20,-.12,-.12,.34) * f0_0 +
    mat4(-.64,-.53,-.36,-1.16,.61,.31,-.83,-1.81,.66,-1.16,-.48,-1.41,.20,-.94,-1.12,-.49) * f0_1 +
    mat4(1.02,-.09,-.04,-1.92,-.36,-.37,-.21,-1.63,.02,.71,-.26,-.11,-.78,-1.25,-.20,-.16) * f0_2 +
    mat4(-1.01,-.38,-.04,-.23,-.19,-.01,-.29,-.26,.46,-.20,.12,-2.02,.40,-.12,.80,.02) * f0_3 +
    mat4(-.05,-.38,.69,.64,.04,-.80,-.09,-.02,.72,.46,-.04,-.76,-.03,-.04,.35,-.27) * f0_4 +
    mat4(-.11,.67,.03,-1.34,.55,.05,.12,-.54,-.81,-.58,.43,-2.02,-.14,.16,.26,.53) * f0_5 +
    mat4(-.26,-.69,-.03,-.58,-.55,-.61,.40,.41,.11,-.12,-.04,.58,-.33,.24,-.27,.15) * f0_6 +
    mat4(.02,-.19,-.42,-.14,-.32,-2.11,.14,.16,.38,.37,.37,-1.05,-.11,-.17,.34,-.30) * f0_7 +
    mat4(.09,.32,.42,-.09,.36,-.22,.17,-.73,-.26,-.51,-.42,-.39,-.08,-.43,-.32,.45) * f0_8 +
    mat4(.66,-.56,-.39,.31,.19,.30,.23,-2.02,.30,.09,.09,-.70,-.08,.53,.11,.13) * f0_9 +
    mat4(.11,-.45,.05,-1.10,-.24,-.69,.08,.77,-.46,.01,.10,-.86,.98,.10,-.02,-.99) * f0_10 +
    mat4(-.20,.24,.34,-.24,.08,-.27,-.14,-.64,.31,-.22,.11,-.75,.51,-1.27,.13,-1.70) * f0_11 +
    mat4(-.25,.43,.17,.36,.26,-.55,-.12,-.25,-.58,-.09,-.71,-.65,.60,.40,.50,.10) * f0_12 +
    mat4(-.07,.29,.07,-.45,.34,-.13,-.11,.16,-.80,-.17,.52,.31,1.00,.91,.03,.30) * f0_13 +
    mat4(-.23,-.47,-.67,-.16,-.08,-.44,-.36,-.05,.42,-1.17,-.64,-.46,-.14,1.11,.35,.96) * f0_14 +
    mat4(.07,.92,-.22,.01,-.23,.09,.07,.02,-.39,.69,-.61,-.86,1.06,.22,-.12,-.59) * f0_15 + vec4(.07,-.03,-.03,.04));
    vec4 f1_7 = relu(
    mat4(-.11,.26,.23,-.33,-.15,-1.19,-.31,-.26,-.21,-.05,-.15,.42,.05,-.08,.22,.25) * f0_0 +
    mat4(-.03,-.50,-.06,.47,-.84,-.12,.02,.28,.25,-.60,.37,-1.91,-1.53,-.49,-1.09,.13) * f0_1 +
    mat4(-.03,-.71,-.23,-.62,-.13,-.15,-.66,-.71,.03,.20,-.24,-.34,-.74,-1.03,-.10,-1.06) * f0_2 +
    mat4(.21,-1.79,1.11,.84,-.21,.01,-.08,.47,.09,-.52,-.40,-1.10,-.66,-.11,.51,.03) * f0_3 +
    mat4(-.03,.77,-.82,-.31,.14,.06,.07,-.17,-.42,-1.22,.27,-1.38,-.26,.55,.30,.46) * f0_4 +
    mat4(-.17,-1.00,.12,-.02,-.03,-.48,-.30,-.54,.64,1.04,-.01,.31,-.15,-2.13,.14,.40) * f0_5 +
    mat4(.18,-.02,.08,.29,.16,.15,.34,.39,-.09,.17,.34,-.31,.28,.29,.10,.26) * f0_6 +
    mat4(.13,-.29,.29,-.14,.25,.03,.22,-.53,-.34,-.24,.70,-.80,-.03,.37,-1.30,-.39) * f0_7 +
    mat4(-.22,.24,.09,.08,.51,.38,-.28,.03,.28,.46,-.03,.04,.12,-.42,-.11,.05) * f0_8 +
    mat4(-.12,-.46,.05,-.40,-.47,-.28,-1.22,-.54,-1.12,-.37,-.19,-.29,-.09,.18,-.13,.30) * f0_9 +
    mat4(.35,.31,-.15,.30,-.54,-.45,-1.04,-.64,-.48,-.80,.35,.44,-.38,-.24,-.95,-.20) * f0_10 +
    mat4(.14,.05,-.83,.03,.16,-.09,-.22,-1.01,-.19,-.66,-.11,-.74,-.20,-1.05,.12,.01) * f0_11 +
    mat4(.21,.09,-.96,-.16,.14,.40,.00,-2.02,-.03,.07,.20,.29,-.45,.36,.15,-.79) * f0_12 +
    mat4(-.15,-.22,-.61,-.76,-.23,.29,-.23,-.65,-.40,-.23,-.17,-.26,-.88,-.38,-.18,-.81) * f0_13 +
    mat4(.08,.15,-.03,.23,-.20,-.55,-.13,.16,-.61,-.30,-.65,-1.03,-.28,-.34,.41,.11) * f0_14 +
    mat4(-.01,.33,-.05,.19,.15,.34,-.74,.58,-.39,-.47,-.24,.07,-.03,-.98,-.04,.01) * f0_15 + vec4(-.12,-.24,-.04,-.21));
    vec4 f1_8 = relu(
    mat4(-.53,.15,-.83,.36,-.17,.31,-.10,-1.03,.09,-.58,-.71,.25,-.08,-.32,-.25,.54) * f0_0 +
    mat4(.09,-.25,-.77,-2.01,-.24,.19,.64,.33,-.20,-1.09,-.54,-2.02,-.75,.53,-.86,-.25) * f0_1 +
    mat4(.06,-.13,.91,-.13,-.00,.04,-.12,-.72,.16,-.01,-.08,-.36,-1.10,.58,.02,.64) * f0_2 +
    mat4(.05,-1.18,-2.60,-.29,-.55,-.25,-.09,.37,-1.13,.84,.77,.36,-.54,.54,-.12,.51) * f0_3 +
    mat4(-.09,-.10,.03,.78,.13,.05,-.40,-1.32,-.09,-.05,.81,.50,-.11,.27,-.57,-.20) * f0_4 +
    mat4(-.26,-.85,.21,-1.79,-.37,-.33,.38,.22,.22,.64,.28,-1.45,-.33,.06,-.09,-.25) * f0_5 +
    mat4(.34,-.56,.50,-1.80,.17,-.18,.64,.19,-.34,.13,-.01,-1.51,-.48,.15,-.52,.27) * f0_6 +
    mat4(-.16,.09,-.45,.18,-.20,.01,-.47,.53,-.03,.95,-.74,-.28,.55,.54,-.00,-1.89) * f0_7 +
    mat4(-.53,-.24,.44,1.33,.33,-.20,-.26,-.50,.10,.33,.16,-1.03,-.25,-.44,-.30,-.13) * f0_8 +
    mat4(.38,.26,.42,.10,-.08,-.53,.26,.40,-.04,.16,.08,-.50,.34,.27,-.04,-.23) * f0_9 +
    mat4(.28,-.33,-.79,-.07,-.27,-.34,-.48,-1.21,-.36,-.29,-.18,.09,-.43,.37,-.32,-.77) * f0_10 +
    mat4(-.25,.54,-.11,.27,-.21,.21,.33,1.29,-1.01,-.18,.42,-.29,-.79,-.57,.10,1.00) * f0_11 +
    mat4(.45,.18,-.16,-.42,.13,-.02,.41,.15,-.53,.05,.34,-.92,-.52,-.20,1.04,.37) * f0_12 +
    mat4(-.08,-.38,.44,.46,-.15,.05,-1.01,-.46,-.15,-.11,.78,.61,-.62,-1.31,.59,.37) * f0_13 +
    mat4(.14,-.59,-1.19,-.22,-.05,-.77,-.15,-2.21,-.58,.15,-.20,-2.03,-.50,-.03,.31,.21) * f0_14 +
    mat4(-.15,-.04,.40,-.62,-.21,-1.06,-.98,-.53,-.16,-.40,-.04,.06,-1.01,.01,.18,-.49) * f0_15 + vec4(-.13,-.15,-.14,-.08));
    vec4 f1_9 = relu(
    mat4(.23,-.51,.03,-.01,1.48,-.59,-.07,-.89,-.13,.01,-.12,.23,.18,.14,.02,.57) * f0_0 +
    mat4(-.22,.68,.07,-.52,.71,-.08,.01,-.12,.60,-1.60,-.10,-.23,.22,-.86,-.03,.09) * f0_1 +
    mat4(.22,-.70,-.03,-.01,-1.01,-1.23,.01,.82,-.47,.19,-.01,.08,.72,-1.06,-.05,.16) * f0_2 +
    mat4(.44,1.43,.04,-.31,-.19,-.18,.01,.37,1.11,-1.25,-.11,-.88,-.09,-.25,-.03,-.35) * f0_3 +
    mat4(.38,-1.07,-.09,.71,.34,-.20,-.08,-.34,-1.52,-.96,.04,-.50,-.84,1.09,-.03,-.89) * f0_4 +
    mat4(.35,.18,.00,.08,-.33,-.43,-.08,-.90,-.16,-.75,.04,.01,-.10,1.07,-.10,-.52) * f0_5 +
    mat4(.76,.47,-.01,-.12,.46,.52,-.15,.15,.68,-1.71,.04,.08,.01,-.45,-.10,-.03) * f0_6 +
    mat4(-.38,.23,-.08,-.00,-1.35,-.21,-.11,-1.35,.40,-.11,-.00,-.04,.06,-.56,-.14,-.72) * f0_7 +
    mat4(.61,-.73,-.10,.03,-.40,-.05,-.13,.00,-1.03,.37,-.14,.02,-.44,.46,-.09,.01) * f0_8 +
    mat4(.10,-.73,-.10,.52,.29,-.88,-.04,-.40,.44,-.52,.04,-.48,-.66,-.29,.03,.11) * f0_9 +
    mat4(.38,.28,-.06,-.80,.21,-1.14,.05,-.25,-.74,.78,-.07,-.45,.17,-1.28,.03,.61) * f0_10 +
    mat4(-.11,-.20,.05,-.04,-.09,-1.25,-.10,.32,-.03,-.79,-.08,-.24,.40,-1.24,-.02,-.23) * f0_11 +
    mat4(-.03,.13,-.13,-.08,.37,-.99,-.03,-.10,.02,.45,.01,-.27,-.55,-2.41,-.12,.19) * f0_12 +
    mat4(.18,-.88,.05,-.38,-1.38,-.20,-.13,.15,.25,-.48,.03,.20,1.74,-1.42,-.03,-.15) * f0_13 +
    mat4(-.78,.42,-.02,-.07,.17,.29,-.11,.23,.82,-.63,-.12,1.03,.48,-.33,-.04,.21) * f0_14 +
    mat4(.36,.02,-.13,-.09,-.04,.50,-.08,-.07,-.47,.22,-.18,.03,-.13,-1.57,.00,.76) * f0_15 + vec4(-.06,-.03,.00,.11));
    vec4 f1_10 = relu(
    mat4(.27,.60,-.10,-1.26,.09,.67,.44,-.43,-.74,-.85,.70,-.08,-.12,-.15,-1.43,-.01) * f0_0 +
    mat4(-1.43,.12,-.66,.27,-1.56,1.43,-.20,-1.22,-.40,.54,-.53,.05,.65,.02,-.36,-.50) * f0_1 +
    mat4(-1.15,.15,.37,-.84,.38,-.44,-.07,.20,-.06,-.12,-1.11,.14,-.72,-.04,-.24,-2.86) * f0_2 +
    mat4(-.44,.16,-.66,.17,-.18,-.26,-.64,-.28,.06,-.43,1.06,-1.30,.55,.45,.28,-1.08) * f0_3 +
    mat4(.45,.16,.33,-.25,-.06,.18,.31,.03,-.14,-.14,-.09,-.35,-.48,-.27,-.02,.27) * f0_4 +
    mat4(.26,.61,-.48,-1.03,.66,.71,.56,.16,-.09,-.12,-.68,.23,-.33,.44,.33,-.45) * f0_5 +
    mat4(-.04,.02,.17,.68,.14,-.23,-.09,-.26,.07,.05,.72,-1.24,-.11,-.28,-.09,.24) * f0_6 +
    mat4(-.37,-.24,-.15,.39,-.29,-.02,.38,.93,-.08,-.39,.97,-.45,-.21,.48,.59,.39) * f0_7 +
    mat4(.63,-.42,.13,.66,-.52,-.21,.37,.87,-.24,-.51,-.27,-.04,-1.06,.03,-.52,-.99) * f0_8 +
    mat4(.09,.08,.27,-.69,-1.75,.21,.29,-.37,-.95,.02,-.74,-.36,-1.10,-.53,-.62,-.32) * f0_9 +
    mat4(-2.38,.44,.86,1.28,-1.34,.19,.37,-1.42,-.36,-.25,.11,-.43,-.05,.80,-.16,-.35) * f0_10 +
    mat4(-.56,-.52,.22,.06,-.27,.11,-.12,-1.09,-.07,.38,-.13,-1.80,-.15,.06,.34,-.09) * f0_11 +
    mat4(-.21,.34,-.19,.41,-.20,.55,.38,.11,-.23,-.76,.15,.15,-.48,-.01,-.05,.59) * f0_12 +
    mat4(-.54,-.40,-.42,.19,.93,-1.05,-.02,-.30,-.26,-.37,.14,-.08,1.42,-.86,-.03,-1.32) * f0_13 +
    mat4(.30,-.21,.24,.68,-.70,-.09,-.26,-1.27,.70,-.58,-.43,-.69,.13,.63,1.33,-.59) * f0_14 +
    mat4(.58,-.08,-.70,.11,-.16,.04,-.25,.47,-.12,.00,-.79,.18,.90,-.74,-.10,-.64) * f0_15 + vec4(.16,-.31,-.40,-.19));
    vec4 f1_11 = relu(
    mat4(-.19,-.09,-.15,-.19,-2.36,-.08,-.18,-.02,.31,-.01,-.54,.06,-.69,-.19,-.08,-.06) * f0_0 +
    mat4(-.03,-.14,.41,-.02,-.76,-.26,-.27,-.03,.43,-.16,-.16,-.03,.45,.01,-.80,.07) * f0_1 +
    mat4(.40,.01,.33,-.13,-1.10,-.21,-2.14,-.15,-.22,-.16,-.93,-.04,1.41,.07,-1.20,-.08) * f0_2 +
    mat4(.55,.03,-.90,-.15,.11,.02,.17,-.06,.85,-.15,-.47,.00,.13,-.08,-.56,-.13) * f0_3 +
    mat4(-.01,-.08,-.47,-.03,.12,-.14,-.10,.07,-.47,-.02,.63,-.06,-.23,-.30,-.52,-.13) * f0_4 +
    mat4(.32,-.32,.53,.02,-.34,-.05,.29,-.05,-.36,-.00,1.15,-.23,-.94,-.12,-.44,-.12) * f0_5 +
    mat4(-.12,-.12,-2.75,-.15,-.55,.02,-.03,-.25,.70,-.02,.08,-.14,-.00,-.00,-.62,-.10) * f0_6 +
    mat4(-.07,-.15,-.11,.02,.25,-.01,.07,.07,.22,-.15,-.79,-.14,-.32,-.09,-.37,-.02) * f0_7 +
    mat4(.79,.05,.58,.02,-.62,.03,-.04,-.16,-.57,-.15,.62,-.00,.30,-.37,-.30,-.12) * f0_8 +
    mat4(-.56,.05,-.28,-.15,.76,-.18,2.18,-.10,-.20,-.19,.09,-.15,-.70,-.09,.08,-.01) * f0_9 +
    mat4(-.98,.08,-.67,-.12,-1.85,-.30,-.47,-.08,-.20,-.01,.18,-.03,-2.19,-.14,-.35,.14) * f0_10 +
    mat4(-.20,-.28,-.64,.04,-.17,-.09,.29,-.01,-.38,-.13,-.51,.08,-.81,-.15,-1.87,.06) * f0_11 +
    mat4(.84,-.03,-.49,-.07,.49,-.14,.12,-.15,-.08,-.14,-.47,-.02,-.06,-.13,-.14,-.06) * f0_12 +
    mat4(-.96,-.05,-.17,.03,-1.53,-.15,-.27,-.12,-.57,-.15,1.38,.04,-1.03,.00,.10,.06) * f0_13 +
    mat4(.44,-.11,.13,.05,.31,-.04,-.05,-.03,-.74,.11,-.64,-.01,-.66,.08,.01,-.11) * f0_14 +
    mat4(.27,-.11,-.50,-.03,-.59,-.01,.22,-.07,-.41,-.12,.11,-.22,-.21,.03,.18,-.02) * f0_15 + vec4(-.24,-.13,.02,-.13));
    vec4 f1_12 = relu(
    mat4(.26,-.77,-.95,-.02,-.97,-.20,-.29,.47,-.03,-.43,-.36,-.61,.33,.51,-.14,-.27) * f0_0 +
    mat4(.52,.31,.34,-.76,-.95,-.51,-.11,.50,-1.59,-.82,-1.20,.73,-.06,-.40,-.92,-.63) * f0_1 +
    mat4(-.94,-.74,-.15,.45,-1.06,-.63,-1.07,.32,.33,-.05,-.15,.37,-.29,-2.88,-.09,-.64) * f0_2 +
    mat4(1.28,1.05,.22,-.60,-.13,-.03,.32,-.17,.01,-1.52,-1.82,1.09,-.52,.40,-.29,.09) * f0_3 +
    mat4(-1.60,-.95,.11,-.10,.14,.51,-.08,-.11,-1.16,-.69,.41,-.93,1.22,.98,.55,.06) * f0_4 +
    mat4(.04,.17,-.00,.05,-1.34,-.00,.29,-.80,-1.12,-1.30,-1.29,.64,1.15,.01,-1.03,-.59) * f0_5 +
    mat4(.60,-.36,.42,-.19,.15,.31,-.16,-.39,-1.77,-1.23,-1.48,.22,-.11,.21,-.97,-.48) * f0_6 +
    mat4(-.12,.15,.09,-.05,-.43,.75,-1.40,-1.19,-.27,-.31,-1.00,.21,-.99,.07,.51,.19) * f0_7 +
    mat4(-1.00,.08,.31,.10,-.15,.09,.31,-.48,-.22,.08,-.01,-.06,-.17,-1.13,-1.25,.12) * f0_8 +
    mat4(-.68,-1.30,-.09,-.07,-1.06,-.48,-.01,-.24,-.80,-1.15,-.44,-.11,.03,.07,-.24,.05) * f0_9 +
    mat4(.53,1.48,1.02,-.46,-.71,-.66,-.46,-.09,.77,.55,.19,-.33,-1.00,-.99,-.63,.59) * f0_10 +
    mat4(.65,.05,.16,.03,-.19,-.39,-.00,-.01,-.78,-.64,.42,.02,-.89,-.31,-.11,.11) * f0_11 +
    mat4(-.29,.33,-.40,.20,-1.07,.06,-.11,-.09,.43,.35,-.14,.19,-1.70,-1.95,-.33,-.48) * f0_12 +
    mat4(-.89,.01,.20,.21,-.32,-.75,-.86,.10,-.43,-2.05,-.27,-.46,-1.37,-1.17,-.57,.40) * f0_13 +
    mat4(-1.44,.24,.56,.73,.34,-.21,-.12,.42,-.79,-.37,-.57,.51,-1.24,-1.19,-.90,-.26) * f0_14 +
    mat4(-.15,.13,.01,-.09,.95,.71,.85,-.86,.16,-.03,.47,-.17,-1.44,-.09,-1.90,.24) * f0_15 + vec4(-.07,-.18,-.08,.15));
    vec4 f1_13 = relu(
    mat4(-.08,-.12,-.37,.36,.03,-.92,-1.33,-.05,-.24,.82,.13,.27,-.05,-.29,.46,.25) * f0_0 +
    mat4(-.09,.63,.74,-.01,-.03,-.62,-.50,.17,.00,-1.66,-1.49,-1.29,-.10,-.81,-.10,-.11) * f0_1 +
    mat4(-.05,-.21,.22,-1.20,-.01,-.41,-1.13,-.56,-.02,.15,.03,.02,-.11,-1.50,-1.93,-.34) * f0_2 +
    mat4(.17,.97,.96,.44,-.10,-.17,.32,.10,-.02,-.62,-.78,-.55,-.22,-.35,-.30,-.05) * f0_3 +
    mat4(.06,-1.33,-.43,.32,.04,.13,-.51,-.44,-.13,-.57,-1.11,-.82,-.03,.40,.70,.74) * f0_4 +
    mat4(-.13,.50,.13,-.29,-.11,-.28,-1.45,-1.27,-.08,-1.45,.35,.36,-.09,1.22,.51,-.44) * f0_5 +
    mat4(-.09,.54,.35,.63,-.25,.40,.12,.00,-.01,-.26,-1.51,.05,-.14,.47,.22,.38) * f0_6 +
    mat4(-.14,.20,-.09,-.27,.06,-2.09,-2.02,-.18,.00,.07,.00,-.16,-.13,-1.27,-.38,-1.44) * f0_7 +
    mat4(-.21,-1.08,-.23,.04,-.20,-.31,.40,-.25,-.23,.07,.16,.11,-.16,.41,.54,-.10) * f0_8 +
    mat4(-.08,-.53,-1.48,.22,-.10,-1.35,-.69,.21,.02,.26,-1.24,-.12,-.30,.21,.22,.08) * f0_9 +
    mat4(.15,-.38,.68,-.14,-.03,-1.19,-1.22,-.20,-.26,.83,.50,.50,-.02,-1.36,-.01,-.34) * f0_10 +
    mat4(-.24,.02,.16,-.14,-.05,-.78,-1.22,.14,-.12,-1.81,-1.03,-1.03,-.04,-2.19,.13,.09) * f0_11 +
    mat4(-.22,-.70,-.35,-.34,-.03,-1.02,-1.15,.15,-.05,.60,.68,-.19,-.14,-.71,-1.25,-.69) * f0_12 +
    mat4(-.04,-.73,-.89,-.05,-.24,-.22,.14,.16,.10,-.19,-.37,-.27,-.01,-1.07,-.47,-.63) * f0_13 +
    mat4(.03,-.10,-1.33,-.67,.03,.39,.12,.00,-.13,-1.24,-1.01,-.55,-.16,-.61,-.98,-.68) * f0_14 +
    mat4(-.14,.03,.21,-.83,-.11,.62,.72,.36,-.07,.50,.12,-.11,.03,-1.08,-1.13,-.22) * f0_15 + vec4(-.12,.11,-.30,.14));
    vec4 f1_14 = relu(
    mat4(-.03,-.83,-.36,-.77,-.00,-.75,.93,-.42,-.11,-1.75,1.01,-.38,.03,-.43,-.23,.42) * f0_0 +
    mat4(-.02,-.62,.72,.54,-.12,2.32,-2.05,-1.14,-.02,.85,.87,-.78,.04,.55,.35,.19) * f0_1 +
    mat4(.06,-.19,-1.30,-.71,.01,-.14,-1.26,-.66,-.12,.50,-.28,-.23,-.04,.70,.86,-3.21) * f0_2 +
    mat4(-.15,.19,-1.36,.83,-.06,-.37,-.17,-.52,-.11,.31,-1.14,-.13,.02,-.30,-1.84,-1.14) * f0_3 +
    mat4(-.11,-.50,.38,-.38,-.09,-.71,.40,.12,-.14,-.56,.18,-2.03,-.08,-.40,.42,.90) * f0_4 +
    mat4(-.13,.15,.09,-.00,-.01,-.69,-1.20,-.74,-.00,-.35,-.28,.12,.00,.17,-.75,-.72) * f0_5 +
    mat4(-.12,.20,.53,.84,.02,-1.48,-.03,.25,-.05,-.04,-2.09,-1.55,-.07,-.12,-.26,.45) * f0_6 +
    mat4(.06,.74,-.30,.39,-.01,.35,-1.98,-1.87,-.15,-.00,-.81,-1.43,.02,-.06,.45,.02) * f0_7 +
    mat4(-.11,-.13,-.06,-1.38,.02,-1.69,-.02,.30,-.06,-.76,-.17,.10,-.13,.34,-.07,.14) * f0_8 +
    mat4(.02,-.09,.59,-1.26,-.13,.07,.64,-.03,-.05,.10,.17,-1.47,.00,-.06,-.20,-.18) * f0_9 +
    mat4(-.04,-.66,-.31,1.61,-.00,.99,-.01,-.66,-.07,-.57,.46,-.12,-.16,.41,.67,.02) * f0_10 +
    mat4(-.06,-.40,.60,.04,.05,.49,-.38,-.63,-.12,-.33,.62,-1.32,-.11,.87,-.24,-1.16) * f0_11 +
    mat4(-.02,.18,-.39,.60,-.20,-.86,.28,.31,.00,.89,-.79,-.32,.02,1.62,-1.34,.30) * f0_12 +
    mat4(-.14,.02,.19,-.25,.02,1.25,-.93,-.32,-.05,.36,.17,-1.72,-.11,-.60,-1.07,-1.35) * f0_13 +
    mat4(-.12,.95,-.93,.62,.02,.91,-.35,.06,-.05,-.43,1.22,-.94,-.05,-.44,.35,-1.56) * f0_14 +
    mat4(-.09,-.84,.43,.27,-.11,.69,.31,.89,.06,-.47,.08,.13,-.08,.12,.29,-.60) * f0_15 + vec4(-.12,-.36,-.01,-.27));
    vec4 f1_15 = relu(
    mat4(-.00,-.07,-.34,-.15,.05,.70,.03,-.21,-.11,.08,-.01,-.12,.02,-.51,-.09,-.24) * f0_0 +
    mat4(-.08,.00,-.15,-.27,-.08,.14,-.20,-.26,-.04,-.32,.04,.00,-.11,.25,-.07,-.23) * f0_1 +
    mat4(-.04,.03,-.13,-.09,-.03,-.95,-.04,-.16,-.10,-.24,-.23,-.24,-.09,.90,-.15,-.35) * f0_2 +
    mat4(-.05,-.23,.10,.03,-.16,-.04,-.20,-.05,-.11,-.11,-.20,-.13,-.04,.24,-.06,-.09) * f0_3 +
    mat4(-.11,.28,-.18,-.13,-.13,.21,-.00,-.06,.01,.78,-.14,.01,-.02,.39,.02,-.08) * f0_4 +
    mat4(-.15,.13,.01,-.02,.08,.40,-.10,-.20,-.07,.11,-.12,-.16,.00,-.40,-.21,-.20) * f0_5 +
    mat4(.04,.05,-.11,-.25,-.15,-.04,-.01,-.33,-.09,.25,-.10,.05,.01,-.33,-.19,-.20) * f0_6 +
    mat4(-.05,-.31,-.05,-.22,-.12,.70,-.09,-.11,-.07,.58,-.26,-.37,-.16,-.32,-.04,-.08) * f0_7 +
    mat4(.04,.16,-.15,-.15,-.03,.03,-.11,-.30,-.10,-.16,.00,-.07,-.16,-.32,.01,-.25) * f0_8 +
    mat4(-.13,-.22,.02,-.06,-.13,.55,.06,-.14,.09,-.22,-.23,-.13,.08,.07,-.15,-.37) * f0_9 +
    mat4(-.01,.16,-.34,-.28,-.04,.10,-.27,-.09,-.13,-.11,-.05,-.19,-.08,.09,.01,.14) * f0_10 +
    mat4(.02,.27,-.02,-.12,-.01,-.04,-.22,.02,-.07,.49,-.13,-.06,.02,.17,-.10,-.17) * f0_11 +
    mat4(-.05,.38,-.06,-.17,-.04,.22,-.07,-.08,.01,-.11,-.09,-.08,.07,.14,-.20,-.20) * f0_12 +
    mat4(.01,-.06,.03,-.16,-.14,-.44,-.29,.01,.07,.56,.10,-.02,.05,.49,-.15,-.04) * f0_13 +
    mat4(.06,-.39,-.08,-.03,-.03,.08,-.24,-.20,-.11,-.73,-.12,-.06,-.09,.55,-.00,-.24) * f0_14 +
    mat4(.02,.11,-.01,-.17,-.12,.26,-.01,-.22,-.07,-.03,-.25,-.17,-.01,-.10,-.13,-.10) * f0_15 + vec4(-.06,.01,-.17,-.28));
    
    float out0 = dot(f1_0, vec4(-.02,.44,.10,-.05)) + dot(f1_1, vec4(.84,.28,.04,.06)) + dot(f1_2, vec4(-.29,.02,-.26,.02)) + dot(f1_3, vec4(.26,.72,-.44,.42)) + dot(f1_4, vec4(-.18,-.16,-.15,-.23)) + dot(f1_5, vec4(-.84,.18,.20,.47)) + dot(f1_6, vec4(.34,.29,-.41,1.42)) + dot(f1_7, vec4(.13,-.14,.03,-.01)) + dot(f1_8, vec4(.00,.02,.72,.18)) + dot(f1_9, vec4(-.13,.00,-.00,.31)) + dot(f1_10, vec4(.96,-.06,-1.17,-.10)) + dot(f1_11, vec4(-.18,-.18,.08,.18)) + dot(f1_12, vec4(.01,-.03,.03,.23)) + dot(f1_13, vec4(-.28,-.08,-.06,-.04)) + dot(f1_14, vec4(.01,-.01,.44,-.03)) + dot(f1_15, vec4(-.05,.03,-.04,.01)) + .10;
    float out1 = dot(f1_0, vec4(-.05,.35,.11,-.07)) + dot(f1_1, vec4(.45,.39,.00,.03)) + dot(f1_2, vec4(-.27,-.01,-.16,-.07)) + dot(f1_3, vec4(.23,.67,-.42,.20)) + dot(f1_4, vec4(-.17,-.28,-.17,-.32)) + dot(f1_5, vec4(-.83,-.36,.20,.39)) + dot(f1_6, vec4(.32,-.00,-.25,1.31)) + dot(f1_7, vec4(-.04,-.14,.02,-.02)) + dot(f1_8, vec4(-.13,-.25,.61,.15)) + dot(f1_9, vec4(-.17,.00,-.12,.19)) + dot(f1_10, vec4(.92,.08,-1.10,-.05)) + dot(f1_11, vec4(-.63,-.06,-.23,-.11)) + dot(f1_12, vec4(.02,.02,-.04,.02)) + dot(f1_13, vec4(-.09,-.07,-.07,.01)) + dot(f1_14, vec4(.05,.02,.48,-.04)) + dot(f1_15, vec4(.10,-.06,-.03,.09)) + -.10;
    float out2 = dot(f1_0, vec4(-.08,.32,.08,-.07)) + dot(f1_1, vec4(.15,.40,.24,.06)) + dot(f1_2, vec4(-.21,-.03,-.15,-.14)) + dot(f1_3, vec4(.12,.66,-.39,.38)) + dot(f1_4, vec4(-.19,-.27,-.17,-.31)) + dot(f1_5, vec4(-.79,-.41,.16,.39)) + dot(f1_6, vec4(.29,-.01,-.26,1.22)) + dot(f1_7, vec4(-.09,-.10,.00,-.01)) + dot(f1_8, vec4(-.04,-.26,.59,.10)) + dot(f1_9, vec4(-.14,-.01,-.01,.11)) + dot(f1_10, vec4(.83,.10,-1.03,-.05)) + dot(f1_11, vec4(-.55,.08,-.17,-.00)) + dot(f1_12, vec4(.02,.03,-.02,-.05)) + dot(f1_13, vec4(.15,-.05,-.04,.03)) + dot(f1_14, vec4(.02,.01,.48,-.02)) + dot(f1_15, vec4(.01,-.05,-.19,.07)) + -.34;
    float out3 = dot(f1_0, vec4(1.42,-1.14,.54,1.22)) + dot(f1_1, vec4(-.09,-.41,.01,.03)) + dot(f1_2, vec4(-.90,1.81,-.24,-.04)) + dot(f1_3, vec4(2.93,1.18,-1.19,-.14)) + dot(f1_4, vec4(-.40,-2.40,-.40,.01)) + dot(f1_5, vec4(-.11,-.31,1.33,-1.14)) + dot(f1_6, vec4(-.29,-1.02,.05,.36)) + dot(f1_7, vec4(.47,.94,1.09,1.64)) + dot(f1_8, vec4(.84,.49,.40,1.08)) + dot(f1_9, vec4(-2.04,3.87,-.01,-.28)) + dot(f1_10, vec4(.16,-.63,.32,2.02)) + dot(f1_11, vec4(-1.19,.00,-.93,.00)) + dot(f1_12, vec4(3.70,2.45,1.37,-.48)) + dot(f1_13, vec4(-.02,2.48,2.13,1.14)) + dot(f1_14, vec4(.00,-2.18,-.52,3.08)) + dot(f1_15, vec4(.01,-.34,-.05,.03)) + -.32;
    return vec4(out0, out1, out2, out3);
}
