vec4 queryNetwork(vec3 p){
    vec4 PE_0 = vec4(p.x,p.y,p.z,sin(1.00*p.x));
    vec4 PE_1 = vec4(sin(1.00*p.y),sin(1.00*p.z),cos(1.00*p.x),cos(1.00*p.y));
    vec4 PE_2 = vec4(cos(1.00*p.z),sin(2.00*p.x),sin(2.00*p.y),sin(2.00*p.z));
    vec4 PE_3 = vec4(cos(2.00*p.x),cos(2.00*p.y),cos(2.00*p.z),sin(4.00*p.x));
    vec4 PE_4 = vec4(sin(4.00*p.y),sin(4.00*p.z),cos(4.00*p.x),cos(4.00*p.y));
    vec4 PE_5 = vec4(cos(4.00*p.z),sin(8.00*p.x),sin(8.00*p.y),sin(8.00*p.z));
    vec4 PE_6 = vec4(cos(8.00*p.x),cos(8.00*p.y),cos(8.00*p.z),sin(16.00*p.x));
    vec4 PE_7 = vec4(sin(16.00*p.y),sin(16.00*p.z),cos(16.00*p.x),cos(16.00*p.y));
    vec4 PE_8 = vec4(cos(16.00*p.z),sin(32.00*p.x),sin(32.00*p.y),sin(32.00*p.z));
    vec4 PE_9 = vec4(cos(32.00*p.x),cos(32.00*p.y),cos(32.00*p.z),0.0);
    
    vec4 f0_0 = relu(
    mat4(-1.10,.09,.61,-.16,.21,.04,.98,-.20,.45,.65,-.66,.11,-.80,.23,.16,.15) * PE_0 +
    mat4(.22,.28,.31,-.27,.70,.70,-.53,.10,-.52,.01,-.45,-.17,.22,-.24,-.88,-.59) * PE_1 +
    mat4(-.02,-.28,-.30,-.04,-.14,-.11,-.15,.38,.46,.60,-.08,.08,.57,.57,-.55,.15) * PE_2 +
    mat4(-.68,-.58,-.20,-.34,.15,-1.02,.61,-2.23,-.26,-.89,-.09,-.13,.60,-.18,-.16,.87) * PE_3 +
    mat4(.62,1.64,.92,-.03,.27,.47,-.34,1.51,-.71,-.95,.91,-.08,.33,.04,.52,-.57) * PE_4 +
    mat4(-.16,-.61,.46,.41,.21,.03,-.01,-.67,-.49,.50,-.44,-.29,-.10,-.70,-.71,.64) * PE_5 +
    mat4(.28,-.71,-.57,.65,-.13,-.06,.52,-.94,-.00,-.29,1.53,.13,.30,.04,-.32,.17) * PE_6 +
    mat4(-.54,-.27,-.22,-.08,.73,.17,-.24,-.65,1.12,-.69,.82,-.03,-.59,-.66,.23,-.28) * PE_7 +
    mat4(-.02,.75,.14,.49,.13,-.00,.08,.28,-.19,-.44,.00,-.35,.39,-.38,-.30,-.25) * PE_8 +
    mat4(.58,-.47,.26,.52,-.14,.01,-.07,.11,.02,.20,.37,.07,.00,.00,.00,.00) * PE_9 + vec4(.01,-.04,-.31,-.21));
    vec4 f0_1 = relu(
    mat4(-.74,-.39,.07,.38,.44,.07,-.25,-.41,-.28,.20,-.35,-.01,-.49,-.16,-.07,.31) * PE_0 +
    mat4(.54,-.23,-.31,-.39,-.30,.24,-.22,.25,-.14,-.77,.32,-.18,-.19,-.18,.26,-.09) * PE_1 +
    mat4(-.21,-.60,-.19,-.35,-.52,.37,-.05,-.05,.51,-.15,-.32,-.59,-.36,-.27,.05,-.16) * PE_2 +
    mat4(-.31,-.52,.54,-.40,.36,.48,.26,-.88,-.09,-.70,.15,-.29,.32,.22,-.31,-.28) * PE_3 +
    mat4(.37,-1.01,.21,-.82,-.72,.40,.10,.62,-.40,-.15,.42,.09,.58,-.99,-.16,-.58) * PE_4 +
    mat4(.43,.98,-.20,1.37,.15,-.04,.38,.09,.27,.13,-.15,-.70,-.76,.82,.02,.45) * PE_5 +
    mat4(-1.76,.34,.41,-.16,.58,.57,.07,.15,.71,-.56,-.04,.33,-.09,.16,-.16,.04) * PE_6 +
    mat4(.24,-.13,.37,.93,-1.16,-.54,-.10,-.14,-.09,-.20,-.10,-.30,-.12,.30,-.25,-.07) * PE_7 +
    mat4(-.69,.03,-.03,-.62,-.12,-.14,-.77,.03,.06,-.58,.20,-.17,-.30,.26,-.06,.02) * PE_8 +
    mat4(.32,-.34,.03,.21,-.10,.13,-.02,.01,.20,-.53,-.08,.39,.00,.00,.00,.00) * PE_9 + vec4(-.13,.00,-.16,-.16));
    vec4 f0_2 = relu(
    mat4(.14,1.24,.16,-.47,-.37,-.72,-.71,.11,-.31,.20,.20,.47,.09,.43,-.00,-.22) * PE_0 +
    mat4(-.28,-.35,-.42,.30,-.41,.02,.11,.34,-.01,-.16,-.25,-.06,-.03,-.62,-.72,-.55) * PE_1 +
    mat4(-.02,.01,-.25,-.28,-.03,.03,-.09,-.10,-.43,.60,-.54,-.10,-.42,-.10,-.05,-.26) * PE_2 +
    mat4(.42,-.39,-.01,.24,-.44,-1.35,-1.42,-.88,.27,-.02,-.09,-.51,-.04,-1.07,-.16,.32) * PE_3 +
    mat4(-.34,.19,-.38,.20,-.25,-.05,-.03,-1.51,.40,-.55,.40,.49,-.11,.08,-.25,.89) * PE_4 +
    mat4(.19,-.18,2.22,.31,-.03,.03,-.02,.08,.38,.55,.68,.50,.18,-.36,.23,-.47) * PE_5 +
    mat4(-.88,.82,.11,-.33,.77,-.51,-.21,-.15,.39,.04,.23,-.15,-.00,.01,.04,-.04) * PE_6 +
    mat4(.18,-.38,-.73,.64,-.27,-.63,-.70,-1.61,-.10,.04,.05,-.36,-.35,-.32,-.03,.43) * PE_7 +
    mat4(1.02,.04,.09,-.41,.17,-.36,-.05,.07,-.16,-.35,-.10,-.21,.18,-.27,.25,-.28) * PE_8 +
    mat4(.73,.32,.29,-.02,.19,.18,.06,.24,.47,.22,-.22,.21,.00,.00,.00,.00) * PE_9 + vec4(-.11,.29,-.43,.11));
    vec4 f0_3 = relu(
    mat4(.30,.08,.07,.01,-.27,.10,-.35,-.16,-.54,-.42,-.63,-.19,.13,.10,-.05,-.17) * PE_0 +
    mat4(-.24,-.04,-.18,-.46,-.28,-.31,-.74,-.17,-.00,.02,-.35,.08,.00,.26,-.16,-.09) * PE_1 +
    mat4(-.16,-.21,.07,-.33,.12,.07,-.13,-.14,-.23,-.08,-.23,-.43,-.08,-.02,-.80,-.03) * PE_2 +
    mat4(.20,.49,-.02,.18,.23,-.76,.27,.08,-.12,.27,.00,-.25,.11,-.06,.08,.01) * PE_3 +
    mat4(.57,-.73,.67,.85,-.15,-.18,-.39,.25,.36,.41,-.66,.62,-.38,-.68,-.20,.72) * PE_4 +
    mat4(-.04,-.28,-.76,.04,-.54,.07,.19,.41,.52,.24,-.21,.31,.13,.15,-.26,-.75) * PE_5 +
    mat4(.73,-.39,-.18,.72,-.15,-.41,-.30,-.38,.11,.29,-.82,-.21,.31,.01,.18,.06) * PE_6 +
    mat4(.09,-.16,.37,-.31,-.69,-.17,-.09,-.40,1.04,.82,-.28,.08,.13,-.11,-.07,.79) * PE_7 +
    mat4(-.49,-.08,-.95,-.66,-.59,.01,.21,-.05,-.17,-.18,.14,-.07,.27,.38,-.83,.41) * PE_8 +
    mat4(-.40,-.33,.30,.26,.03,-.18,-.10,.11,-.25,-.05,-.47,.33,.00,.00,.00,.00) * PE_9 + vec4(-.52,-.49,.06,-.46));
    vec4 f0_4 = relu(
    mat4(-.34,.56,.07,-.27,-.02,-.29,-1.05,.98,-.18,.53,-.57,.35,.11,.41,.21,-.27) * PE_0 +
    mat4(.13,-.12,-.75,.66,-.08,.30,-.56,.24,-.21,.12,-.06,-.13,-.18,-.01,-.74,-.09) * PE_1 +
    mat4(-.21,-.17,-.23,.03,.07,.34,.10,.01,.01,.19,.07,.05,.26,.19,-.25,.06) * PE_2 +
    mat4(.29,-.13,.06,-.64,.11,-.54,-1.08,-.02,-.06,-.09,.03,-.69,.05,-.47,-.16,.24) * PE_3 +
    mat4(-.24,.01,.39,.96,.75,.72,1.07,-.89,.44,-.63,.33,-.16,-.64,-.59,.40,.22) * PE_4 +
    mat4(-.15,1.02,.13,.28,.00,-.18,.03,-.04,-.47,-.80,.50,-.71,.51,.20,.44,1.01) * PE_5 +
    mat4(.48,.16,.02,.10,-.41,-.49,-.69,.54,.10,-.48,.69,.14,-.20,-.06,.23,-.03) * PE_6 +
    mat4(.63,-.19,-.46,.31,-.08,-.29,.09,.59,.73,.56,-.13,.26,-.28,.03,-.12,.68) * PE_7 +
    mat4(-.20,-.53,-.15,.40,-.36,-.12,-.02,.03,.19,-.07,-.00,.08,-.13,-.20,-.45,-.22) * PE_8 +
    mat4(-.26,-.36,-.08,.17,-.60,-.03,.32,.09,.20,.05,.25,-.18,.00,.00,.00,.00) * PE_9 + vec4(-.32,.13,.06,.25));
    vec4 f0_5 = relu(
    mat4(.07,.03,.12,.14,.26,.01,-.26,-.19,-.43,-.10,.05,.53,-.13,-.02,-.17,.42) * PE_0 +
    mat4(-.04,-.13,-.31,-.06,-.38,-.23,.08,.29,.17,-.16,-.05,.06,.14,.07,-.57,.11) * PE_1 +
    mat4(-.05,-.16,.09,-.43,-.15,.24,-.21,.25,-.02,.11,-.16,.17,-.03,.13,.21,.54) * PE_2 +
    mat4(.36,.36,.06,.15,-.10,.24,-1.37,-.07,.10,-.12,.33,-.33,-.24,.10,.04,.58) * PE_3 +
    mat4(-.49,.38,-.33,.04,-.06,.24,.82,.25,-.04,.17,-.10,.28,-.55,-.69,1.46,.70) * PE_4 +
    mat4(-.26,-.79,-.33,-.35,.32,.28,-.06,.05,.20,.31,1.34,-.60,.10,-.31,-.53,.41) * PE_5 +
    mat4(.32,.20,.03,-.01,.15,-.13,-.56,.09,-.26,.51,.00,-.20,.01,.02,.05,.58) * PE_6 +
    mat4(-.28,.63,.35,.32,-.04,-.22,-.51,.27,-.48,-.59,.12,.02,-.45,-.17,-.01,.28) * PE_7 +
    mat4(.60,-.12,-.06,-.67,.09,.48,-.01,-.17,-.18,.14,.02,.07,-.62,.03,.01,-.18) * PE_8 +
    mat4(.46,.44,-.03,-.44,.15,.24,.20,.33,.17,-.03,.16,.27,.00,.00,.00,.00) * PE_9 + vec4(-.29,-.41,-.04,-.15));
    vec4 f0_6 = relu(
    mat4(.13,-.14,.27,-.78,-.14,-.02,.03,.07,-.17,.26,.19,-.09,.08,-.11,.42,-.66) * PE_0 +
    mat4(-.47,.29,-.11,-.12,-.05,-.01,.05,.00,.12,-.13,-.04,-.42,.03,-.35,.06,.06) * PE_1 +
    mat4(-.27,-.13,-.26,-.12,.09,.14,.13,-.57,-.45,.42,.22,-.08,.06,.03,.41,-.27) * PE_2 +
    mat4(.31,-.05,.07,-.50,.20,-.81,.61,.26,-.39,-.18,-.94,-.52,-.11,-.28,.21,-.53) * PE_3 +
    mat4(.42,.37,1.07,-.12,-.40,.68,-.27,-.43,.85,-.16,.53,-.49,.11,.00,-.91,1.18) * PE_4 +
    mat4(-.26,-.22,-.69,-.44,-.14,.55,-.25,.55,-.27,.48,.15,-.70,-.13,-.45,.74,.91) * PE_5 +
    mat4(.08,-.52,.22,1.85,-.23,-.82,.85,-.50,.11,.96,.98,.53,-.04,-.41,.36,.05) * PE_6 +
    mat4(.85,-.61,.30,.20,-.51,.84,-.31,-.79,.21,-.12,.51,-.04,-.20,.04,-.09,.63) * PE_7 +
    mat4(-.58,.40,-.52,-.32,.00,.16,.08,-.00,.05,-.23,.15,-.08,.08,.90,.02,-.45) * PE_8 +
    mat4(-.31,.10,-.43,-.12,.39,.58,-.02,.11,-.26,.61,-.09,-.09,.00,.00,.00,.00) * PE_9 + vec4(-.47,.00,-.35,.09));
    vec4 f0_7 = relu(
    mat4(.21,-.12,.06,-.34,-.51,-.13,-.03,-.12,-.03,-.53,-.47,.18,.04,-.04,-.10,-.35) * PE_0 +
    mat4(-.84,-.28,-.12,-.35,-.12,-.42,-.41,.19,.07,.13,-.03,-.66,-.15,.01,-.02,.18) * PE_1 +
    mat4(-.27,.00,-.13,.10,-.05,.01,-.17,-.15,-.84,-.31,-.04,-.49,-.10,-.22,-.32,.48) * PE_2 +
    mat4(.03,.47,.37,-1.35,-.83,.13,1.03,.13,-.05,-.10,-.11,-.06,-.29,.14,-.08,.45) * PE_3 +
    mat4(.11,.29,.81,-.39,.02,-.20,-.23,1.16,.59,.37,.33,-1.49,-.46,.18,-1.04,-.82) * PE_4 +
    mat4(1.43,-.30,-.23,-.20,-.11,.04,-.07,-.28,.25,-.48,-.29,.55,.11,-.02,.37,-.71) * PE_5 +
    mat4(-.05,.25,1.09,.72,-.32,.03,-1.10,-.11,.13,-.75,.56,-.99,-.04,.19,.10,.32) * PE_6 +
    mat4(.20,-.04,-.17,.00,.22,-.24,.30,.57,-.12,.11,.10,.05,.41,-.50,-.04,.15) * PE_7 +
    mat4(-.31,.51,.14,-.06,.23,.38,-.05,.21,.03,-.01,.01,.04,.21,.38,-.04,.03) * PE_8 +
    mat4(.12,-.11,-.68,-.08,.30,-.15,-.16,-.00,.35,.10,.15,.12,.00,.00,.00,.00) * PE_9 + vec4(-.48,-.37,-.36,.05));
    vec4 f0_8 = relu(
    mat4(.77,-.08,.47,-.17,.18,-.10,.25,.08,.77,-.54,.16,-.59,.68,.22,.69,-.25) * PE_0 +
    mat4(.17,-.07,.35,.15,.64,-.27,.31,-.80,-.19,.09,-.17,-.09,-.49,.06,-.05,.05) * PE_1 +
    mat4(-.42,-.03,-.43,-.23,.50,.13,.72,-.26,.38,.00,.47,.32,.52,.08,.42,-.34) * PE_2 +
    mat4(-.17,.63,-.35,.27,-1.48,.25,.08,-.25,-1.60,.25,-.46,.02,.26,.16,.90,-.20) * PE_3 +
    mat4(.92,-.10,1.01,.24,.30,-.00,.58,-.16,-.43,.13,-.72,-.27,-.30,-.45,.15,-.54) * PE_4 +
    mat4(-.87,-.12,-.06,-.70,-.13,.26,-.49,.00,-.39,.16,1.29,.38,.27,.22,-.40,.36) * PE_5 +
    mat4(-.31,.11,-.35,-.60,.11,.04,-.28,.22,-.20,-.10,.13,-.51,-.16,.29,.37,-.34) * PE_6 +
    mat4(.28,-.62,-.30,-.32,.56,.02,-.21,-.39,-.13,-.27,.16,.31,-.00,.03,.23,-.20) * PE_7 +
    mat4(.74,-.16,-.18,.48,.36,-.41,.90,-.30,.03,-.16,.05,.35,-.21,-.26,-.04,.22) * PE_8 +
    mat4(-.02,-.09,.32,.51,.31,.05,-.07,.31,.00,.02,-.01,.24,.00,.00,.00,.00) * PE_9 + vec4(.07,-.42,-.39,-.39));
    vec4 f0_9 = relu(
    mat4(.08,.91,.18,-.14,-.26,-.56,.02,-.39,.31,.45,-.05,.45,-.05,.56,.23,-.06) * PE_0 +
    mat4(-.37,-.22,-.07,-.12,.25,.63,-.19,.33,-.24,-.02,.08,-.24,-.42,-.10,-.08,-.48) * PE_1 +
    mat4(-.43,.27,-.31,-.51,.01,-.05,.35,-.18,-.31,.27,.30,-.06,.18,.44,.14,.69) * PE_2 +
    mat4(-.27,-.76,.14,-.34,-.51,-.18,-.03,-.38,-1.04,-.33,-.22,-1.11,.05,-.36,.40,.08) * PE_3 +
    mat4(-.68,.31,.86,1.29,.34,.46,.29,.87,.04,-.58,.16,-.07,1.34,.30,.14,.89) * PE_4 +
    mat4(-.26,.01,.24,-.68,.06,.43,.63,.24,-.11,.47,-.53,-.05,-.31,-.26,.11,-.22) * PE_5 +
    mat4(.33,-.02,.36,1.12,-.64,.08,.05,.99,.40,-.37,.84,-.43,.12,-.10,-1.09,-.26) * PE_6 +
    mat4(-1.17,-.15,-.16,-.41,-.08,.23,-.80,.83,-.14,.60,.50,.16,.30,-.04,.18,-.33) * PE_7 +
    mat4(-.27,.16,.15,-.28,-.24,-.23,.05,-.04,.12,-.08,-.11,-.29,.12,-.27,-.02,-.31) * PE_8 +
    mat4(-.62,.45,.23,.57,-.50,.02,.21,-.02,-.22,.04,.11,.61,.00,.00,.00,.00) * PE_9 + vec4(-.17,.30,-.36,-.19));
    vec4 f0_10 = relu(
    mat4(.35,-1.31,.11,.13,-.26,-.76,-.09,-.16,.44,-.74,-.69,-.86,.15,-.15,-.16,.04) * PE_0 +
    mat4(-.12,-.17,.20,.03,.43,-.84,-.44,-.94,-.10,-.27,.20,-.25,.32,-1.02,.39,-.37) * PE_1 +
    mat4(.26,.21,.16,-.26,-.05,.42,.01,-.03,.16,1.10,.32,.04,-.06,-.64,-.10,-.95) * PE_2 +
    mat4(-1.00,-.06,.68,-1.31,.46,-1.05,.87,.12,-.06,-.01,.37,-.32,.07,.38,-.05,-.05) * PE_3 +
    mat4(.18,-.54,.57,-.03,-.57,-.15,.31,-.13,-.75,.58,.09,-1.37,.31,1.24,-.45,-.03) * PE_4 +
    mat4(.98,-.50,.01,-1.48,-.28,-.04,.05,.22,-.09,-.68,-.06,.10,-.10,.78,.52,.79) * PE_5 +
    mat4(.65,-.41,1.12,2.44,.22,-.40,-.73,.14,.79,-.32,-.50,-.17,.12,-.02,-.01,-.09) * PE_6 +
    mat4(-.09,.26,.02,-.02,-.16,-1.23,.31,-.44,.00,-.07,-.24,.28,.09,.06,.52,.02) * PE_7 +
    mat4(-.18,-.31,.03,.43,.07,.04,.00,.30,-.11,.22,-.25,-.02,.36,-.15,-.05,.15) * PE_8 +
    mat4(.05,.03,.34,-1.08,-.01,.47,.11,.03,-.22,.43,.07,.95,.00,.00,.00,.00) * PE_9 + vec4(.47,.20,-.05,.09));
    vec4 f0_11 = relu(
    mat4(-.21,-.01,-.87,.05,.13,-.04,.68,-.39,-.34,.16,.02,-.09,-.21,.06,-.31,.08) * PE_0 +
    mat4(-.07,-.11,.25,-.23,-.35,.32,.18,.08,-.23,.05,-.40,-.34,.06,-.02,-.76,-.42) * PE_1 +
    mat4(.02,-.42,-.04,-.74,.14,.13,.13,.02,-.29,.02,-.47,-.39,.03,.52,.18,.10) * PE_2 +
    mat4(.55,-.18,.06,-.01,.81,.04,-1.70,-.12,.18,-.41,-.28,-1.29,-.02,-.12,-.08,.12) * PE_3 +
    mat4(.40,.04,-.11,-.24,.07,.49,1.25,.06,.25,-.09,.27,.24,.00,-.46,-.39,.16) * PE_4 +
    mat4(-.21,-.20,-.59,-.60,.28,-.27,.27,-.18,.41,-.07,-.97,.38,.32,.84,.63,.44) * PE_5 +
    mat4(-.13,.05,.75,-.91,.04,.23,-1.06,.90,.63,-.14,.33,.98,.32,-.17,-.09,-.14) * PE_6 +
    mat4(-.23,.13,-.15,-.54,.13,.38,.34,-.30,-.54,-.48,.36,.45,-.25,-.15,-.15,-.90) * PE_7 +
    mat4(-.03,-.48,.81,.74,-.35,.09,-.08,-.09,-.13,.27,.02,.46,.08,.53,-.31,-.31) * PE_8 +
    mat4(-.10,.21,.09,.84,.19,.29,.04,-.11,.04,-.45,.17,.46,.00,.00,.00,.00) * PE_9 + vec4(-.35,-.46,-.07,-.42));
    vec4 f0_12 = relu(
    mat4(-.16,1.00,-.04,.13,.23,.11,-.35,.03,.49,.58,.18,-.37,-.34,.87,.06,-.09) * PE_0 +
    mat4(.20,-.09,-.68,-.01,.48,.55,.21,-.61,-.03,-.07,-.30,-.10,.39,-.28,-.42,-.01) * PE_1 +
    mat4(.13,-.25,-.18,.07,-.23,.68,.02,-.03,.65,-.64,-.92,-.06,.43,.42,.31,-.68) * PE_2 +
    mat4(-.93,-.58,-.20,.01,.93,-.04,.38,-.13,-.78,-1.44,.02,-.29,-.12,-.40,-.01,-.07) * PE_3 +
    mat4(.29,-.29,-.49,.15,-.46,-.63,1.00,-.78,-1.81,-.37,-.16,-.85,.53,.99,.73,.68) * PE_4 +
    mat4(-.24,-.29,.78,-.98,.19,-.33,.18,.09,.03,-.94,-.04,.24,-.03,.40,.73,-.45) * PE_5 +
    mat4(.47,.96,.34,-1.24,-.34,.82,.35,.46,.18,.37,-.81,-.41,-.21,.24,-.02,.00) * PE_6 +
    mat4(.14,.53,-.29,.14,-.64,-.07,-.22,.60,.61,.44,.02,-.03,.67,.51,-.78,.13) * PE_7 +
    mat4(.03,-.46,-.05,.87,-.25,.28,.20,-.15,.04,-.08,-.35,-.10,.21,-.05,-.10,.11) * PE_8 +
    mat4(-.37,.23,.02,.02,-.01,-.27,-.47,-.12,-.12,.17,-.04,-.29,.00,.00,.00,.00) * PE_9 + vec4(.20,.02,-.23,-.05));
    vec4 f0_13 = relu(
    mat4(-.11,.39,.08,-.10,-.85,-.11,.08,-.08,.50,-.14,-.27,.38,-.30,.40,-.07,.28) * PE_0 +
    mat4(-.71,-.08,-.12,-.21,.46,.01,-.47,.24,-.32,.19,-.16,-.22,-.27,.04,-.05,-.18) * PE_1 +
    mat4(-.00,-.07,-.33,-.36,-.45,.51,-.07,.37,-.35,-.19,.01,-.07,.14,.22,.08,-.18) * PE_2 +
    mat4(-.55,.40,.21,-.27,-.62,.13,.80,.36,-.06,-.06,-.30,-.97,-.48,.58,-.12,-.10) * PE_3 +
    mat4(.03,-.16,-.09,.69,.91,.07,-.23,-.02,-.12,.09,.40,-.48,.05,-.51,-.31,1.16) * PE_4 +
    mat4(1.24,-.78,-.43,-.23,.69,-.00,-.12,-.14,.52,.29,-.72,1.11,.34,.05,-.69,-.51) * PE_5 +
    mat4(.10,-.14,-.02,-.30,-.17,.03,1.11,-.64,.16,.31,.63,.59,-.55,-.12,-.07,-.08) * PE_6 +
    mat4(.20,.19,.35,-.11,.23,-.07,-1.36,-1.32,-.52,.08,.79,-.21,.15,.15,-.24,.41) * PE_7 +
    mat4(.19,-.05,.24,-.13,-.40,1.08,.00,-.00,-.06,-.03,-.01,-.33,-.11,.29,.20,-.38) * PE_8 +
    mat4(-.05,.22,.01,.11,.07,-.05,.05,-.72,-.06,.17,-.42,-.36,.00,.00,.00,.00) * PE_9 + vec4(-.06,-.35,-.58,.02));
    vec4 f0_14 = relu(
    mat4(1.43,-.18,.47,-.40,.86,.04,.91,-.06,-.12,-.10,.38,-.47,.59,-.31,.10,-.24) * PE_0 +
    mat4(.14,.01,.53,-.03,-.20,.07,.37,-.19,-.64,.01,.05,-.29,-1.19,-.15,-.40,-.05) * PE_1 +
    mat4(-.21,-.15,.01,-.26,.11,-.32,.06,-.34,-.34,-.07,-.34,-.39,-.24,.54,.37,.08) * PE_2 +
    mat4(-.09,-.17,-.16,.38,.97,-.65,-1.02,.57,-.21,-.01,-.69,-.13,-.01,-.51,-.42,-.51) * PE_3 +
    mat4(.61,.27,-.83,.02,.35,1.16,.19,.10,.36,.06,-.70,.12,.01,.78,.58,-.70) * PE_4 +
    mat4(-.23,.48,-.08,-.60,.35,.32,-.15,-.02,-.24,.33,-1.44,.35,-.62,-.25,.73,-.14) * PE_5 +
    mat4(.78,.64,-.71,.65,-.23,-.30,.04,-.17,-.17,-.25,.48,.51,-.81,-.24,.12,-.03) * PE_6 +
    mat4(.03,-.84,.62,-.11,.51,.14,-.21,-.33,.85,.24,.29,.45,-.43,.19,.68,.04) * PE_7 +
    mat4(.98,.58,.34,-.46,-.09,.15,-.16,-.26,.11,-.46,.15,-.03,-.56,-.99,-.12,-.00) * PE_8 +
    mat4(-.32,-.22,-.11,.39,-.22,-.02,.02,-.21,-.09,-.48,.05,-.09,.00,.00,.00,.00) * PE_9 + vec4(-.24,-.27,.21,-.20));
    vec4 f0_15 = relu(
    mat4(.28,.28,.36,-.77,.81,.10,-.24,.30,-.37,-.61,-.28,-.46,-.29,.07,.26,-.10) * PE_0 +
    mat4(.22,.17,-.30,.38,-.49,-.56,-.31,-.07,-.28,-.02,-.00,-.28,-.66,.06,.06,-.22) * PE_1 +
    mat4(-.42,-.26,-.19,-.21,-.32,.05,.27,-.10,-.52,.20,-.36,.29,-.23,-.31,-.10,-.04) * PE_2 +
    mat4(.10,.36,-.06,.53,.33,.55,.02,.78,.29,-.04,.36,.07,-.49,-.05,.30,-.09) * PE_3 +
    mat4(.02,.37,-1.19,-.04,1.00,.05,.42,.40,.36,.71,-.37,1.15,-.42,-.11,.22,-.42) * PE_4 +
    mat4(-.07,.05,.87,-.21,-.35,-.40,.35,.14,-.48,.57,-.61,.06,-.13,.33,-.09,.14) * PE_5 +
    mat4(.46,-.30,-1.19,-.64,-.21,.22,-.41,.46,.38,.18,-.14,.29,.47,.45,.43,-.02) * PE_6 +
    mat4(.60,-.89,.11,.01,-.43,.00,-.07,.17,-.05,.30,.60,.07,-.24,.36,.10,.19) * PE_7 +
    mat4(-.15,-.10,-.05,-.36,.45,-.19,.15,.15,.21,.54,.02,-.18,.28,-.05,-.31,.21) * PE_8 +
    mat4(-.18,.15,-.00,-.24,-.05,-.08,-.01,.27,-.20,.33,.02,.20,.00,.00,.00,.00) * PE_9 + vec4(-.13,-.40,-.45,-.23));
    
    vec4 f1_0 = relu(
    mat4(-.76,-.10,-.10,-.25,-.84,-.02,-.02,.00,-1.71,.05,-.03,-.15,-.74,-.40,-.12,-.07) * f0_0 +
    mat4(-.59,-.18,.02,-.03,-1.45,-.09,-.15,-.08,.04,.05,-.08,-.14,-.54,.13,-.08,.07) * f0_1 +
    mat4(.09,-.14,-.12,-.07,.52,.36,-.15,-.27,-1.02,-.76,-.14,-.14,-1.09,.03,.10,-.02) * f0_2 +
    mat4(-.35,-.45,.05,-.22,.31,.11,-.18,-.23,.45,.03,-.14,-.00,.21,-.55,.08,-.20) * f0_3 +
    mat4(.37,-.51,-.15,-.13,.00,.15,-.09,-.33,-1.34,.14,.00,.06,-.51,-.20,-.00,-.01) * f0_4 +
    mat4(.41,.01,-.08,-.11,.25,.24,-.11,-.21,-.95,.33,-.13,.06,.26,-.27,-.14,-.11) * f0_5 +
    mat4(.15,.05,.05,-.24,-.18,-.03,-.09,-.05,-.34,.01,.03,-.06,.44,.21,-.08,-.00) * f0_6 +
    mat4(-.30,-.19,-.12,-.18,.03,.24,-.10,-.36,.22,-.28,-.15,.06,-.18,-.55,.02,-.28) * f0_7 +
    mat4(-1.52,.55,.05,-.04,.07,.06,-.13,-.26,-.14,.33,-.06,-.11,.06,.31,-.14,-.10) * f0_8 +
    mat4(-.37,-.87,.04,-.05,-1.02,-.22,-.03,-.01,.12,-.12,.03,-.16,-.81,.31,.04,.04) * f0_9 +
    mat4(-.23,-.58,-.05,.01,-1.01,.65,.00,-.12,.54,-.12,-.04,-.25,-2.96,1.37,-.14,-.05) * f0_10 +
    mat4(.37,.13,-.03,-.17,-.33,-.18,-.01,-.16,-2.16,-.28,.03,-.06,.70,-.40,.07,-.05) * f0_11 +
    mat4(-.56,.18,.01,.11,-1.01,-.13,.06,.04,.13,-.08,-.01,-.00,.81,.21,-.15,-.18) * f0_12 +
    mat4(-.66,-.00,-.13,-.09,.21,.04,-.12,-.29,.63,.37,-.18,-.26,-.42,-.30,-.12,-.02) * f0_13 +
    mat4(-1.28,-.44,-.18,-.05,.10,-.03,.00,.02,-.55,-.15,-.14,-.15,.32,.39,-.09,-.24) * f0_14 +
    mat4(.32,-.96,-.04,-.25,.24,.03,-.07,-.36,-.67,.27,.02,-.04,.36,.29,-.08,-.40) * f0_15 + vec4(.20,.05,-.14,-.11));
    vec4 f1_1 = relu(
    mat4(-.09,-.30,.02,-.06,.02,-1.08,-1.63,.04,-.00,.08,.41,-.11,-.08,-.74,.04,-.11) * f0_0 +
    mat4(-.02,-.78,-.49,.05,.04,.06,.26,.03,-.21,.09,-.48,.04,.05,-.50,-.21,-.00) * f0_1 +
    mat4(.02,.27,.39,-.14,-.04,-.74,.09,-.03,-.15,-1.42,-.12,-.09,.04,-1.75,-.43,-.02) * f0_2 +
    mat4(.00,.00,.56,-.05,-.04,.10,-.17,-.10,-.02,.16,.23,-.02,-.15,.31,.30,-.15) * f0_3 +
    mat4(.02,.34,-.28,-.06,-.24,-.34,-.28,-.17,.06,-1.59,-.02,-.07,-.10,-1.51,.09,-.09) * f0_4 +
    mat4(-.03,-.40,-.37,-.14,.02,.44,-.26,-.08,-.07,-.45,-.42,-.05,-.05,-.12,-.62,-.09) * f0_5 +
    mat4(-.08,-.04,-.05,-.11,-.14,-.15,-.37,.04,.04,.09,.05,-.08,-.06,.81,.14,-.12) * f0_6 +
    mat4(-.16,-.45,-.07,-.04,-.07,-.07,-.19,-.18,.03,.68,.44,-.12,.08,-.70,-.05,.04) * f0_7 +
    mat4(.01,-1.35,.05,.00,-.02,.19,-.06,-.12,.07,-.68,-.49,-.11,-.13,-.17,.37,-.11) * f0_8 +
    mat4(-.04,-.05,-.76,-.11,.02,-.45,.23,-.05,-.03,.06,1.06,-.05,-.01,-1.18,-.09,.01) * f0_9 +
    mat4(-.10,-.71,-.43,.01,-.03,-.66,1.58,-.04,-.11,.48,-.02,-.02,-.08,-.87,1.19,-.04) * f0_10 +
    mat4(-.16,-.01,-.00,-.02,-.22,.09,-.76,-.15,-.01,-1.55,-.62,-.02,-.03,.57,-.11,-.06) * f0_11 +
    mat4(-.11,-1.15,-.09,-.17,-.19,-1.51,-.29,-.12,.01,-.10,-1.05,-.05,-.04,.84,.15,-.13) * f0_12 +
    mat4(-.12,-.54,-.11,.03,-.18,.13,-.40,.02,-.08,.76,-.27,-.06,-.13,-.58,-1.08,-.01) * f0_13 +
    mat4(-.16,-1.08,.52,.02,-.04,-.55,.99,.02,-.01,-.67,-.03,-.10,.02,.23,-.41,-.02) * f0_14 +
    mat4(-.12,.32,.20,-.14,-.08,-.06,-.17,-.14,-.11,-.18,.40,-.05,-.00,.18,-.26,-.05) * f0_15 + vec4(-.08,.13,-.23,-.18));
    vec4 f1_2 = relu(
    mat4(-1.05,-.36,-.19,-.05,.78,-.84,-.05,.03,.83,-.25,-.13,-.12,-.41,.06,-.10,.06) * f0_0 +
    mat4(-.06,-1.22,.03,-.07,-.89,-1.38,.02,-.08,-.44,.05,-.11,-.06,-.06,-.46,-.10,.06) * f0_1 +
    mat4(-.58,.25,-.07,-.07,-.31,-1.21,-.06,-.11,-.06,-1.99,-.17,.07,-.28,-1.11,-.12,-.06) * f0_2 +
    mat4(.70,.14,-.06,-.05,-.80,.32,-.15,-.07,-.79,.44,-.15,-.09,-.40,.01,-.02,-.03) * f0_3 +
    mat4(.39,.41,-.03,-.06,1.13,-.35,-.07,-.18,-.38,-1.31,.02,-.11,.02,-.62,-.03,-.09) * f0_4 +
    mat4(-1.07,-.02,-.16,-.17,-.20,.26,-.03,.03,1.24,-.59,-.21,.07,-.44,-.01,-.07,.01) * f0_5 +
    mat4(.16,.04,.02,-.05,-.69,-.29,-.16,.03,-.07,-.12,-.15,-.06,.35,.27,-.16,.00) * f0_6 +
    mat4(.12,-.20,-.02,.02,-.33,.03,-.11,-.10,-.78,.25,-.07,-.09,.16,-1.39,-.13,-.05) * f0_7 +
    mat4(.01,-.53,-.12,.02,.03,.25,-.17,-.17,.26,-.17,-.21,-.04,.24,.37,-.15,-.10) * f0_8 +
    mat4(-.63,-.18,-.11,-.15,1.74,.13,-.04,.07,.16,-.11,-.08,.07,.26,-.94,.04,-.16) * f0_9 +
    mat4(.30,-.83,-.09,.02,-.44,-1.00,-.03,-.05,-.14,.32,-.11,-.05,.42,-.05,.08,.05) * f0_10 +
    mat4(-.37,.15,-.09,-.12,-.05,-.04,-.10,.05,1.36,-1.08,-.16,-.15,-.28,.39,.02,.07) * f0_11 +
    mat4(.20,-.68,-.11,-.01,.27,-.25,-.21,-.02,-.71,-.55,-.14,-.02,-.27,.59,-.10,-.17) * f0_12 +
    mat4(-.37,-.87,-.16,.03,.30,.13,-.13,-.17,-.43,.42,.04,-.06,-.03,-.64,-.16,.03) * f0_13 +
    mat4(.47,-1.57,.02,-.07,-.64,-.47,.10,-.16,-.22,-.81,-.19,-.13,-1.04,.17,-.00,-.18) * f0_14 +
    mat4(-.09,.18,-.10,-.03,-.27,.37,-.13,.01,.17,-.26,.02,.07,.19,.21,-.05,.09) * f0_15 + vec4(.05,-.26,-.21,-.18));
    vec4 f1_3 = relu(
    mat4(-.07,-.15,-.85,-.41,.08,-.07,.52,.30,.04,-.06,-2.54,.62,-.13,-.14,-1.11,-1.13) * f0_0 +
    mat4(-.19,-.16,.03,-.35,-.11,-.09,.03,.40,-.18,-.13,.25,-.63,.02,-.10,-.98,.93) * f0_1 +
    mat4(-.02,-.03,.13,-.42,-.01,.02,-.16,1.39,.04,-.01,-1.31,.18,-.02,-.08,.11,.70) * f0_2 +
    mat4(-.15,-.06,-.00,.63,-.11,-.09,-.15,-.58,-.05,-.01,-1.01,-.06,-.10,-.06,.38,-.46) * f0_3 +
    mat4(-.16,.02,-.39,-.62,-.08,.08,-1.49,-.09,-.17,.01,-.69,-.14,-.21,.00,-1.00,.70) * f0_4 +
    mat4(-.28,-.14,.52,.13,-.15,-.20,.35,-.24,.02,-.16,-.43,-.03,-.08,.02,-.44,-.57) * f0_5 +
    mat4(.03,-.00,-.40,-.60,-.10,-.20,.19,-.21,-.04,-.01,.13,-.08,-.10,-.11,-.15,-.93) * f0_6 +
    mat4(.07,.00,-.41,-.30,-.10,-.09,-.04,-.45,-.09,-.07,.49,-.56,-.08,-.10,1.31,-.11) * f0_7 +
    mat4(-.26,.04,-.01,.81,-.13,-.16,-.50,-.63,-.03,-.08,.08,-.79,-.16,-.00,-.07,-.32) * f0_8 +
    mat4(.01,-.14,-.59,.17,-.04,.05,.04,1.53,-.14,-.05,-.35,-.40,.01,.03,-.58,-.88) * f0_9 +
    mat4(.01,-.11,-.14,-.16,.03,-.08,-1.56,-.14,-.26,-.06,-.35,-.49,-.02,.03,-.45,.16) * f0_10 +
    mat4(-.10,-.02,.21,.65,.02,.01,.20,-.37,-.17,.07,-.09,1.15,.00,-.06,-.37,-1.07) * f0_11 +
    mat4(-.19,.01,.17,-.24,.07,-.12,-.74,.75,-.07,.01,.44,-.13,-.11,-.01,-.36,.28) * f0_12 +
    mat4(-.17,-.01,.66,-.14,-.14,-.04,.20,.02,-.04,-.16,-.19,-.58,-.09,-.03,.38,-.37) * f0_13 +
    mat4(-.03,.01,-.42,.92,-.03,-.12,.05,-.02,-.09,-.02,-.47,.64,-.07,.01,-.04,.15) * f0_14 +
    mat4(.11,-.14,-.62,1.55,-.10,-.17,-.05,.10,-.20,.02,-.96,.24,.05,-.11,-.20,-1.20) * f0_15 + vec4(-.06,-.18,-.29,-.44));
    vec4 f1_4 = relu(
    mat4(-.23,-.27,-.75,-.14,-.34,.01,.78,.05,-.35,-.75,.04,-.15,-.36,-.97,-.92,-.12) * f0_0 +
    mat4(-.31,-2.01,.13,-.04,-.26,.71,-.39,-.14,-.05,-.36,.10,-.07,-.22,.84,.13,.02) * f0_1 +
    mat4(-.05,.47,-.05,-.04,-.12,-.14,.14,-.00,-.04,-.28,.06,-.14,-.33,-.12,.03,-.05) * f0_2 +
    mat4(-.07,.12,-.13,-.14,-.17,-.66,.01,-.02,-.18,-.88,.05,-.09,-.16,-.05,.38,-.04) * f0_3 +
    mat4(-.23,-.34,.05,-.15,-.25,-.45,-.50,.04,-.02,-.57,-.86,-.14,-.26,.56,-1.07,-.08) * f0_4 +
    mat4(-.29,-.37,.17,-.35,-.22,.18,.06,-.12,-.19,.08,.23,.00,-.12,-.20,.19,-.19) * f0_5 +
    mat4(-.12,.31,.10,-.16,-.31,.13,.31,-.12,-.17,.74,-1.19,.02,-.10,-1.15,.30,.07) * f0_6 +
    mat4(-.11,-.37,.21,-.09,-.16,-.38,-.01,.06,-.03,.64,.01,.10,-.10,.14,-.65,-.02) * f0_7 +
    mat4(-.18,.16,.18,-.14,-.19,-.11,.29,-.15,-.27,.35,.68,-.03,-.19,-.16,-.43,-.16) * f0_8 +
    mat4(-.12,-2.49,.03,-.04,-.19,-.04,-.49,-.01,-.25,.09,.15,-.00,-.10,.29,-.47,-.07) * f0_9 +
    mat4(-.33,-1.27,-.36,-.23,-.02,.18,-1.20,-.09,-.13,.03,.06,-.04,.06,-.81,.07,-.01) * f0_10 +
    mat4(-.21,.16,-.04,-.12,-.12,.25,-.62,-.10,-.27,.99,-.86,-.13,-.30,-.14,.15,-.05) * f0_11 +
    mat4(-.13,-.13,-.28,-.07,-.18,.60,.80,-.08,-.28,.16,-.67,-.12,-.23,-.71,.05,-.07) * f0_12 +
    mat4(.07,-.08,.15,-.12,-.20,-.19,-.08,-.11,-.10,.04,-.27,-.04,-.26,.13,-.34,-.05) * f0_13 +
    mat4(-.19,.19,-.43,-.09,-.37,.17,.07,-.09,-.05,-.09,-.05,.01,-.05,-.25,.19,-.08) * f0_14 +
    mat4(-.14,-1.20,.28,.01,-.28,-.21,-.16,-.16,-.24,.94,-.02,-.15,-.23,-.31,-.24,-.10) * f0_15 + vec4(-.31,-.25,.08,-.00));
    vec4 f1_5 = relu(
    mat4(-.10,.29,.08,.04,-.08,-.12,-.31,.02,-.07,.52,-.21,-.17,-.14,-.79,.49,-.13) * f0_0 +
    mat4(-.16,.16,.18,-.08,.02,-.58,-.49,-.17,-.15,.13,-.18,.07,-.05,.33,-.82,-.00) * f0_1 +
    mat4(-.10,-.11,-.05,.02,.01,-.04,-1.00,-.14,-.11,-1.52,-.27,-.11,-.04,-.01,.29,.03) * f0_2 +
    mat4(.04,-.60,-.03,-.11,-.16,-.11,-.60,-.08,-.14,-.02,-1.27,-.09,-.05,.06,-.79,.03) * f0_3 +
    mat4(-.11,-.11,-.19,-.10,.03,-.46,-.39,-.00,-.04,-.66,-.37,.04,.03,.06,-.33,.01) * f0_4 +
    mat4(-.14,-.11,-.50,.01,-.05,-.01,-.61,-.06,-.13,.26,.23,-.10,-.07,-.38,.29,.01) * f0_5 +
    mat4(-.07,.03,-.16,-.12,.06,.13,-.16,-.05,.06,.07,.05,.02,-.09,.01,-.95,-.04) * f0_6 +
    mat4(-.06,-.48,-1.53,-.05,-.10,.28,-1.07,-.07,-.15,.27,-1.22,-.13,-.02,.14,-.55,-.06) * f0_7 +
    mat4(-.11,.40,-1.86,-.11,-.04,-.01,.15,-.14,-.17,-.22,.16,.04,-.01,.07,-1.17,-.14) * f0_8 +
    mat4(.05,.42,.38,.06,-.08,-.09,-.51,-.02,-.15,-.31,.57,-.04,-.14,.45,.03,-.05) * f0_9 +
    mat4(-.08,.15,-.54,.01,-.02,1.34,-3.00,-.13,-.05,-.10,.16,-.02,-.10,.94,-.04,.06) * f0_10 +
    mat4(-.06,.54,-.12,-.02,-.02,.18,-1.25,-.02,-.01,.58,-.42,-.16,-.09,-.06,-.84,-.14) * f0_11 +
    mat4(-.01,-.26,-.23,-.16,-.13,-.38,-1.97,.00,-.09,.53,-.26,.00,-.07,-.32,.31,-.01) * f0_12 +
    mat4(-.12,-.13,.10,-.11,.07,.22,.35,-.15,.06,-.10,-.29,-.15,-.13,.73,-.38,-.02) * f0_13 +
    mat4(.06,.56,.12,.04,.00,-.18,.02,-.08,.03,-.13,-.83,.06,-.06,.33,-1.28,-.17) * f0_14 +
    mat4(.04,.08,-.23,-.14,-.16,.04,.44,-.02,-.04,-.47,-.43,-.01,-.12,.28,.52,-.10) * f0_15 + vec4(-.09,-.01,.05,-.15));
    vec4 f1_6 = relu(
    mat4(-.25,-.69,-.29,-.31,.01,-.50,-.18,-.16,-.23,.16,-3.03,-.15,-.15,.78,-.46,-.15) * f0_0 +
    mat4(-.12,.27,-2.00,-.25,-.01,.08,.80,-.18,-.01,.11,-.08,-.33,-.13,-.07,.95,-.18) * f0_1 +
    mat4(-.17,-.30,.35,-.10,-.22,-.17,.83,-.03,.09,-.17,-1.35,-.06,-.01,.04,.03,-.00) * f0_2 +
    mat4(-.18,.05,.36,-.27,-.09,.42,-.44,-.36,-.04,.23,-.90,-.17,-.01,.55,.23,-.13) * f0_3 +
    mat4(-.15,.33,-.11,-.12,.02,-.59,-.11,-.22,-.10,-1.07,-1.11,-.07,-.24,-.26,.82,-.02) * f0_4 +
    mat4(-.23,-.00,-.26,-.26,-.15,.22,.17,-.20,-.13,-.39,-1.71,-.14,.05,-.26,-.05,.05) * f0_5 +
    mat4(-.16,.31,.06,-.12,-.10,.02,-.15,-.24,-.13,-.90,.85,-.15,-.06,.00,-2.10,-.12) * f0_6 +
    mat4(-.25,-.20,-.45,-.03,-.05,.08,-.17,-.00,-.03,-.12,.73,-.10,-.10,.09,-1.51,-.18) * f0_7 +
    mat4(-.11,.36,-.30,.13,-.01,.07,-.16,-.19,-.14,.13,.46,-.09,-.01,-.36,-.84,-.09) * f0_8 +
    mat4(-.03,-.18,-.70,-.20,-.04,.02,.02,-.09,-.16,-.01,.14,-.06,-.12,-.57,.11,-.07) * f0_9 +
    mat4(-.00,-.03,-.67,-.27,-.02,.15,.37,-.22,-.24,-.15,-.06,-.09,-.05,.22,-1.60,-.08) * f0_10 +
    mat4(-.15,.33,.22,-.01,-.25,-.46,.56,-.24,.05,-2.57,-.59,-.08,-.14,.58,.64,-.02) * f0_11 +
    mat4(-.19,-.48,-.79,-.30,-.21,.07,.07,-.08,-.10,.14,.46,-.05,-.05,-.22,-.52,.15) * f0_12 +
    mat4(.02,-.09,-1.51,-.10,-.05,.03,-.05,-.07,-.09,-.19,.09,-.02,-.22,-.23,.17,-.04) * f0_13 +
    mat4(-.07,-1.00,-.05,-.07,.00,-.57,.37,.01,-.08,.22,.84,.10,-.01,-.01,-.13,-.22) * f0_14 +
    mat4(.05,.00,-.34,.05,-.06,-.40,-.04,-.06,.01,.04,.27,-.26,-.09,-.74,.17,-.16) * f0_15 + vec4(-.07,-.05,-.19,-.09));
    vec4 f1_7 = relu(
    mat4(.29,-.69,-.37,-.17,.61,-.82,-.19,-.12,-1.04,-1.90,-.60,-.04,1.57,-.12,.13,-.24) * f0_0 +
    mat4(.70,-.80,-.56,-.32,1.26,-.85,-1.44,-.25,-.26,.38,-.73,-.14,.17,-.90,-1.21,-.17) * f0_1 +
    mat4(-1.44,-.02,-.24,-.18,1.40,-.06,.02,-.13,-.89,-1.01,-.78,-.19,-1.99,-1.59,-.04,-.30) * f0_2 +
    mat4(-.32,.29,-1.28,-.13,.15,-.42,-.50,-.16,-1.04,1.05,.48,-.06,.05,-.24,.30,-.17) * f0_3 +
    mat4(-.06,.42,-.13,.05,.26,-1.05,-.27,-.23,.11,-.49,-1.14,-.09,.54,-.01,-1.36,-.18) * f0_4 +
    mat4(-.76,.55,.33,-.28,.04,.45,-.37,-.13,.70,-1.34,-.00,-.11,.58,-.06,-1.03,-.24) * f0_5 +
    mat4(.25,.25,-.05,-.01,.79,-.80,-.90,-.04,.36,-.75,-.16,-.07,.67,.65,-.60,-.08) * f0_6 +
    mat4(-.19,-.20,-.77,-.11,.19,.17,-.72,-.08,-.64,.36,-.29,-.18,1.72,-.28,-.31,-.35) * f0_7 +
    mat4(-.33,-.35,.42,-.07,-.14,.07,-.23,-.13,.51,.07,.64,-.15,.32,.52,.24,-.28) * f0_8 +
    mat4(-.20,-.40,-.28,-.10,.02,-.16,-.45,-.13,.32,.06,-.85,-.16,.92,-.80,-.47,-.16) * f0_9 +
    mat4(-.15,-.15,.29,-.37,-.84,.14,-.13,-.21,-1.27,.42,.21,-.33,-.15,-.12,-.84,-.10) * f0_10 +
    mat4(.11,.13,-.45,-.08,.07,-.37,-.87,-.07,-.09,-1.37,-.44,.02,.17,.31,-.25,-.14) * f0_11 +
    mat4(.61,-.51,.14,.03,.67,-.41,.57,-.20,-1.21,-.08,.50,.02,-1.36,.71,-.23,-.20) * f0_12 +
    mat4(.96,-.50,-.41,-.12,-.19,.30,-.04,-.29,.23,.39,-.17,-.22,.64,.00,.30,-.16) * f0_13 +
    mat4(-1.19,-.52,-1.84,-.09,-.16,-.57,-.23,-.18,.40,-.52,.50,.04,.48,.35,-.29,-.16) * f0_14 +
    mat4(-.68,.40,-.59,-.00,-.37,-.47,-.71,-.17,.09,-.61,.04,-.04,.14,.38,-.48,-.16) * f0_15 + vec4(-.27,.08,-.26,-.11));
    vec4 f1_8 = relu(
    mat4(-.07,.32,-.09,-.15,.88,-.09,.18,-1.28,-.62,-1.66,-.46,.58,.60,-.41,-1.56,-.75) * f0_0 +
    mat4(-1.01,-.66,-.35,-.16,.62,-1.64,-1.18,-2.15,.02,.09,.23,.17,-.18,-.19,-.77,-1.48) * f0_1 +
    mat4(.35,.37,.05,.32,.00,.02,-.34,-1.17,-.09,.45,.05,-1.83,.70,-.05,.02,-.33) * f0_2 +
    mat4(.43,.34,.08,-.03,-.66,-.04,.07,-.23,-.65,.14,.36,-.46,.69,.03,.24,-.28) * f0_3 +
    mat4(-.28,-.09,-.23,-.13,-.86,-.01,.19,-.43,.25,-.19,-.11,-.45,.43,.13,-1.72,-.11) * f0_4 +
    mat4(-.01,.01,-.17,-.42,-.13,.08,.10,.28,.19,-1.51,-1.68,-.70,.05,-.19,.12,.12) * f0_5 +
    mat4(.12,.07,.01,.21,.58,-.96,-.29,.20,-.10,.46,.28,.25,.04,-.65,-.12,-.64) * f0_6 +
    mat4(-1.15,.07,.21,-.70,.11,.30,.05,.23,.59,.39,.10,.58,-.22,-1.60,-1.46,-1.11) * f0_7 +
    mat4(.02,-.89,.20,-1.90,-.53,.06,-.15,.00,.14,.39,.01,-.23,-.24,.00,.04,-.01) * f0_8 +
    mat4(-.38,-.67,-.64,-.08,-.50,-.43,-.95,.10,.36,.40,-.35,.28,-.47,-.36,-.83,-.51) * f0_9 +
    mat4(.23,-.82,-.74,-.25,-.16,-1.30,-.38,.49,-.10,-.36,-.00,.35,-1.03,.35,1.10,.20) * f0_10 +
    mat4(.16,.08,.17,.07,-.29,-.10,-.26,-.30,.19,.08,-.08,-.61,.21,-.27,-.04,-.28) * f0_11 +
    mat4(.18,-.40,.25,-.82,.12,-.94,-1.25,-.98,.39,.27,-.51,-.21,-.75,.21,.37,.26) * f0_12 +
    mat4(.72,.25,-.12,.30,-.21,.10,-.28,.49,.09,.40,.36,.60,-.05,.42,-.42,-.89) * f0_13 +
    mat4(-.01,-.38,-.53,-.52,.23,-.08,-.40,-.33,.25,-.75,-.75,-.75,.15,.14,.31,.41) * f0_14 +
    mat4(.12,-.17,.26,-.12,-.02,-.02,-.30,.37,.06,.83,.45,.10,-.55,-.03,.09,.14) * f0_15 + vec4(-.39,-.05,-.08,-.21));
    vec4 f1_9 = relu(
    mat4(-.02,.11,.08,-.91,-1.05,.08,-.08,-1.63,1.40,.49,-.06,-.94,-.58,.81,-.16,-.68) * f0_0 +
    mat4(-.92,.02,-.11,-1.11,-1.19,-.75,-.01,-.31,.06,-.29,-.12,.37,-.98,-.25,-.11,-.57) * f0_1 +
    mat4(-.38,.13,-.12,.15,-1.29,.46,-.17,-.79,-1.21,.17,.03,-1.75,-.85,-.40,-.16,-2.57) * f0_2 +
    mat4(.29,.41,-.26,.04,.13,-.66,-.13,.32,.74,.28,-.07,.87,-.28,-.18,-.36,.31) * f0_3 +
    mat4(-.10,.34,-.13,.49,-.38,.25,-.23,-.51,-.99,-.19,-.08,-2.33,-.77,.33,-.16,-1.02) * f0_4 +
    mat4(-.31,.45,-.25,.29,.44,-.63,-.10,.57,-.40,.84,-.32,-1.31,.13,-.28,.14,.41) * f0_5 +
    mat4(.23,-.39,-.16,.30,-.47,-.09,.04,-.45,-.04,-.02,-.01,.04,.48,.43,-.02,1.08) * f0_6 +
    mat4(-.07,-.23,-.24,-.68,-.20,-.35,-.24,-.08,.12,-.39,-.19,.58,-1.24,.13,.06,-1.27) * f0_7 +
    mat4(-.35,-.26,.38,-1.08,-.09,-.16,-.26,.34,-.74,-.27,-.00,-1.01,.31,-.45,-.19,-.00) * f0_8 +
    mat4(.52,-1.47,-.05,-.00,.21,-.00,-.03,-.46,.27,-.30,-.21,.16,-.47,-.84,-.02,-1.93) * f0_9 +
    mat4(-1.39,.04,-.25,-.71,-.13,-.68,.01,-.77,.46,-.05,-.10,.76,.24,.39,-.06,-3.69) * f0_10 +
    mat4(.16,-1.09,-.26,.18,.22,-.26,-.07,-.19,-.39,.46,.01,-2.45,.38,-.47,-.18,1.00) * f0_11 +
    mat4(-2.68,.20,-.27,-1.51,-.60,.12,-.22,-2.20,-.22,.12,-.14,-.00,.88,-.02,-.14,1.16) * f0_12 +
    mat4(-1.05,.06,-.25,-1.01,.19,.07,-.12,.29,.20,-.27,-.06,.91,-.50,-.73,-.05,-.48) * f0_13 +
    mat4(.71,-.22,-.13,-1.25,.02,.09,-.15,-.64,-.82,-1.38,-.09,-1.29,.75,-.14,-.28,.32) * f0_14 +
    mat4(-.10,1.04,-.18,.43,.54,-.28,-.16,.48,-.19,-.11,-.05,-.86,.27,-.36,-.06,.65) * f0_15 + vec4(.15,.11,-.29,.36));
    vec4 f1_10 = relu(
    mat4(-.14,-.72,-.08,-.19,-.07,-1.41,.02,1.09,-.07,-.42,-.04,.26,.02,-.73,.02,.20) * f0_0 +
    mat4(-.17,-.93,-.04,.55,-.06,-1.55,-.06,.12,-.01,.35,-.14,.24,.03,-.64,-.04,.25) * f0_1 +
    mat4(.01,.14,-.17,-.28,-.22,-.84,-.03,-.29,-.12,-1.50,-.16,-.09,.05,-2.17,-.04,.22) * f0_2 +
    mat4(-.11,.13,.06,.47,.04,.38,.06,.57,-.14,.63,-.12,-1.24,-.16,.11,.06,-1.04) * f0_3 +
    mat4(.03,.29,-.16,-.11,-.03,-.50,.05,-.59,.07,-1.83,.05,.12,-.18,-1.02,-.11,-.04) * f0_4 +
    mat4(-.01,.17,-.02,-.26,-.13,.41,.04,-.08,.02,-1.30,-.03,-.13,-.06,-.02,-.03,-.32) * f0_5 +
    mat4(-.16,.25,-.15,.29,-.01,-.34,-.08,-.54,-.12,-.20,-.13,.08,-.13,.86,.06,-.08) * f0_6 +
    mat4(-.12,-.51,-.09,-.28,-.06,.08,.01,-.44,-.03,.60,.07,-.04,-.01,-1.40,-.11,-.76) * f0_7 +
    mat4(-.14,-2.38,-.04,-.96,-.02,-.04,-.15,-.57,-.03,-.61,-.10,.38,-.04,.15,-.03,.17) * f0_8 +
    mat4(.04,.04,-.16,-.29,-.03,-.51,-.11,-1.65,.02,.06,-.00,-.20,.03,-1.13,.03,-.89) * f0_9 +
    mat4(-.15,-1.19,.01,-.27,-.15,-1.36,.05,2.15,-.14,.91,-.13,-.57,-.13,-1.83,.06,-.56) * f0_10 +
    mat4(-.21,.21,-.14,-.16,-.15,.12,-.12,-.41,-.08,-2.00,-.15,-.53,.04,.86,.03,-.62) * f0_11 +
    mat4(-.19,-1.63,-.10,-1.78,.07,-1.65,-.03,-2.15,-.03,-.13,.03,.22,-.20,1.10,-.06,-.23) * f0_12 +
    mat4(-.00,-1.06,-.15,-.14,-.13,.41,-.02,.12,-.02,.76,-.09,.34,-.05,-.51,-.11,-.91) * f0_13 +
    mat4(-.08,-1.83,-.10,.48,-.20,-.16,.04,-.37,-.05,-.88,-.06,-.08,-.12,.40,.07,.13) * f0_14 +
    mat4(-.23,.32,.04,.08,-.12,.25,-.07,-.57,-.18,-.48,.01,.14,-.01,.50,-.08,-.72) * f0_15 + vec4(.01,.20,.04,-.34));
    vec4 f1_11 = relu(
    mat4(-.37,.24,.50,-.37,-.24,.21,.12,-.92,-.26,-.66,.97,.15,-.00,.68,-.15,-.33) * f0_0 +
    mat4(-.15,-.29,-.04,-.23,-.21,-.01,.31,-1.09,-.32,-.09,-.29,-.15,-.05,-.12,.01,-1.10) * f0_1 +
    mat4(-.13,-.07,.07,.41,.00,.32,.40,-1.26,-.23,.22,-1.05,-1.80,-.23,.03,.27,.01) * f0_2 +
    mat4(.10,.28,-.06,.40,-.25,-.05,-.29,-.01,-.00,-.60,.39,-.02,-.21,.32,-.77,-.02) * f0_3 +
    mat4(-.05,.95,.26,.16,-.06,.55,-.15,-.59,-.01,.46,.12,-1.24,-.01,.46,.23,-.13) * f0_4 +
    mat4(-.28,-.33,-.04,.12,-.34,-.13,.08,.19,.02,.13,-.16,-.43,.10,.33,-.37,-.06) * f0_5 +
    mat4(-.09,-.01,-.68,.24,-.31,.04,-.08,-.20,-.13,.06,.16,.31,-.27,.05,.53,.04) * f0_6 +
    mat4(-.11,.11,-.39,-.31,-.03,.07,-.25,-.01,-.06,-.53,.24,.18,-.07,.32,.97,-.65) * f0_7 +
    mat4(.07,-.09,-.92,-.72,-.00,-.44,.14,.01,-.18,.22,-.26,-1.04,-.18,.08,-.17,-.21) * f0_8 +
    mat4(-.09,-.08,-.43,-.30,-.12,.19,.32,-.53,.10,.21,-.75,.37,-.01,-.20,-.04,-.35) * f0_9 +
    mat4(-.11,.22,.26,-.45,-.05,-.52,1.66,-1.47,-.26,-.54,.19,.54,-.10,-.53,1.46,.45) * f0_10 +
    mat4(-.07,-.15,.16,.19,.06,.20,-.07,-.26,-.09,-.77,.39,-.02,.01,.28,.31,.73) * f0_11 +
    mat4(-.24,.05,.13,-1.14,.01,.45,-1.12,-1.06,-.20,.07,.31,-.24,-.01,-.09,.09,1.08) * f0_12 +
    mat4(-.38,.14,.08,-.77,-.10,-.07,-.53,.08,-.24,.06,-.05,.74,-.24,-.11,-.15,.22) * f0_13 +
    mat4(-.05,.02,.99,-.62,-.27,.12,-.29,.45,-.15,.12,.08,-.68,-.26,-.10,-.06,.27) * f0_14 +
    mat4(-.04,-.02,.26,.04,.00,.12,.29,.67,-.21,-.07,-.38,-.43,-.17,.16,.45,.05) * f0_15 + vec4(-.16,.06,.19,-.02));
    vec4 f1_12 = relu(
    mat4(.23,-.55,-.09,.01,-.20,-.29,-.07,-.09,.64,-.48,-.10,-.07,1.24,-.76,-.06,-.05) * f0_0 +
    mat4(.01,.39,-.02,-.21,-.81,.83,.05,-.04,-.92,.21,-.08,-.09,.25,.12,.06,-.11) * f0_1 +
    mat4(-.33,-.24,.02,-.29,.00,-1.12,-.02,-.11,1.56,-.79,.02,-.17,-.30,-.90,.02,-.05) * f0_2 +
    mat4(-.09,-.46,-.14,.04,-.06,-1.01,-.07,-.25,-.18,-1.12,-.08,-.40,.37,-.28,-.01,.00) * f0_3 +
    mat4(.20,.06,-.10,-.06,.57,-.41,.06,-.09,-.29,.89,.08,-.25,-.41,-.09,-.10,-.14) * f0_4 +
    mat4(-.36,.27,.04,-.08,.11,.10,-.08,-.15,.81,1.01,-.07,-.04,.53,.26,.04,-.25) * f0_5 +
    mat4(.50,.36,-.05,-.09,.20,.04,.00,-.36,-2.08,-.84,-.15,-.04,-1.05,-.43,-.07,-.22) * f0_6 +
    mat4(-.77,-2.39,-.14,-.24,-1.17,-1.11,-.15,-.20,-.48,.50,-.11,.04,.08,.86,-.11,-.04) * f0_7 +
    mat4(1.89,.05,-.07,.10,.11,.24,-.02,-.07,.02,.51,-.01,-.24,-.08,-.70,.04,-.09) * f0_8 +
    mat4(-.11,-1.02,-.05,-.29,1.14,1.02,-.14,-.08,-.04,-.40,.00,-.01,-.39,.29,-.06,-.17) * f0_9 +
    mat4(.13,-.78,-.08,-.09,-1.59,-.44,-.03,-.01,-.43,.36,-.16,-.14,-.26,-.59,-.11,.01) * f0_10 +
    mat4(-.18,-1.00,.05,-.10,-.56,.37,.02,-.13,-1.42,.42,.03,-.16,-.21,.01,-.07,-.03) * f0_11 +
    mat4(.74,-.11,.06,-.05,-.31,-.37,.04,-.08,.23,-.07,-.05,-.08,-.29,-1.14,-.15,-.29) * f0_12 +
    mat4(.23,.38,-.02,-.29,-.26,-.07,-.05,-.26,.23,-.13,-.06,-.12,.48,-.92,-.09,.05) * f0_13 +
    mat4(.22,-1.22,-.09,-.13,-.71,.23,-.08,.08,.08,-.50,.01,-.30,-1.25,-.89,-.02,-.17) * f0_14 +
    mat4(-.09,-.05,.06,-.08,.16,-.04,-.07,.03,.04,.68,.00,-.32,.63,.20,-.06,-.26) * f0_15 + vec4(.11,.05,-.07,-.11));
    vec4 f1_13 = relu(
    mat4(.12,-.01,-.21,-.49,-1.63,-.03,-.90,-.91,.89,-.18,-.21,.19,-.98,-.22,.52,-1.04) * f0_0 +
    mat4(-.52,-.09,-1.62,-.06,-.76,.01,.21,-.59,.16,-.33,.37,.34,-.57,-.19,-.49,-1.95) * f0_1 +
    mat4(.37,-.19,.42,.06,-.70,.10,-.89,-.45,-1.14,-.35,-1.32,-1.65,-.85,-.43,-.64,-.50) * f0_2 +
    mat4(-.16,-.11,-1.86,.23,-.44,-.10,-.11,.05,.10,-.42,-.60,-.48,-.07,-.11,-.09,-.26) * f0_3 +
    mat4(.26,-.12,.28,-.33,-.42,-.16,-.01,-.81,-.45,-.13,-.26,-.25,-.06,-.07,-1.73,-.27) * f0_4 +
    mat4(-.43,-.20,.32,-.11,.38,-.22,.14,.04,-.35,-.07,.11,-.77,-.84,-.12,.35,.23) * f0_5 +
    mat4(.27,-.22,.62,.08,-.21,-.28,.52,.04,.52,-.10,-1.59,-.77,.48,-.06,-.21,.29) * f0_6 +
    mat4(-.31,-.02,-.19,-.73,.08,-.09,-.12,.58,.55,-.13,-.11,.07,-1.56,-.00,-.25,-1.17) * f0_7 +
    mat4(-2.12,-.27,-.31,-1.31,.22,-.25,-.05,.06,-.73,-.17,.20,-.33,.18,-.21,-1.44,.29) * f0_8 +
    mat4(.40,-.20,-.50,.22,.24,.05,-.49,-.31,.12,-.27,-1.24,.03,-.82,-.17,-.32,-.38) * f0_9 +
    mat4(-1.16,.09,-.64,-1.04,.49,-.07,-3.00,.00,.40,-.10,-.11,.42,1.75,.10,-.72,2.40) * f0_10 +
    mat4(-.10,-.22,.06,.19,.12,-.19,.10,.31,-1.47,-.11,-.79,.18,.39,-.26,-.73,-.60) * f0_11 +
    mat4(-1.17,-.23,-.70,-.90,-1.81,.17,-.44,-.34,-.99,-.21,.21,-1.61,.51,-.17,-1.31,.94) * f0_12 +
    mat4(-.57,-.13,-1.14,-.61,.37,-.17,.15,.31,.23,-.33,-.45,.74,-.32,-.11,.54,-.65) * f0_13 +
    mat4(.90,-.04,-1.82,-.52,-.39,-.28,.10,.25,-.77,-.19,.49,-.20,.28,-.00,.43,.46) * f0_14 +
    mat4(.85,-.19,-.13,-.02,.42,-.28,-.13,.44,-.23,.10,-.20,.17,.25,-.23,.21,.25) * f0_15 + vec4(-.12,-.29,.20,.06));
    vec4 f1_14 = relu(
    mat4(-.09,.14,-.03,-.03,-.21,-.07,.05,-.29,-.33,.92,-.07,-.54,-.35,-.00,-.05,-.19) * f0_0 +
    mat4(-.25,.00,.01,-.64,-.39,.17,.01,-1.44,-.16,-.38,-.12,-.04,-.06,-.79,-.14,-.82) * f0_1 +
    mat4(-.33,.02,-.00,-.17,-.40,.61,-.13,-.90,-.19,.31,.05,-1.65,-.08,-.37,-.11,-1.11) * f0_2 +
    mat4(-.31,.23,.01,.41,-.29,-.69,.02,.12,-.06,.34,-.16,.02,-.24,-.37,-.16,-.16) * f0_3 +
    mat4(-.16,.01,-.13,.02,-.26,-.87,-.12,.21,-.16,.60,-.15,-1.10,-.23,-.03,-.11,-.73) * f0_4 +
    mat4(-.10,-.32,-.10,.03,-.00,-.48,-.14,-.00,-.18,.06,.00,-.43,-.17,-.53,.08,-.04) * f0_5 +
    mat4(-.22,-.20,-.10,.08,-.19,-.14,-.15,-.01,-.38,.23,-.08,.08,-.08,.14,-.06,-.13) * f0_6 +
    mat4(-.17,-.62,-.09,-.44,-.13,.21,.02,-.32,-.02,-.02,.04,-.18,-.10,-.24,.07,-.99) * f0_7 +
    mat4(-.05,.27,.01,.15,-.20,.18,-.07,.11,-.35,.05,-.04,-.28,-.22,-.07,-.01,.34) * f0_8 +
    mat4(-.30,-.27,.04,-.18,-.26,.50,-.16,-.13,-.22,.24,.03,.24,-.22,-.01,-.10,-.28) * f0_9 +
    mat4(-.36,-.50,-.18,-.88,-.02,2.55,.02,-1.08,-.24,-.00,-.12,.49,-.00,1.59,.06,.25) * f0_10 +
    mat4(-.12,.33,-.14,.00,-.14,-.65,-.12,.49,-.26,.55,-.11,-.44,-.26,-.75,-.01,.28) * f0_11 +
    mat4(-.25,-.38,-.07,-.23,-.09,.80,.05,-.24,-.01,-.19,.09,-.10,-.07,.20,-.08,.86) * f0_12 +
    mat4(.00,-.65,-.01,-.51,-.14,-.14,-.13,.15,-.20,-1.47,-.17,.38,-.18,.04,.10,-.17) * f0_13 +
    mat4(-.20,.15,.18,-.51,-.23,-.61,-.04,.02,-.02,.25,.04,-1.16,-.14,.16,.02,.01) * f0_14 +
    mat4(-.13,.54,.08,-.18,-.11,-.16,.00,.09,-.20,-.16,-.12,.24,-.12,.41,-.06,.27) * f0_15 + vec4(-.20,.04,-.15,.11));
    vec4 f1_15 = relu(
    mat4(-.48,1.14,-.75,-.07,-.79,-.14,.16,.36,-.07,-.86,-.20,.07,-1.00,.51,-1.04,1.66) * f0_0 +
    mat4(-1.27,-1.17,-.38,-1.33,-.59,-.29,.77,-.22,.18,-.41,.01,-.01,-.83,-2.24,.26,-.11) * f0_1 +
    mat4(.09,.22,.02,-.68,-1.07,.68,.55,-.58,-1.37,-.89,.16,.50,-1.09,-.56,.19,-2.60) * f0_2 +
    mat4(.01,-.25,-.14,-.14,.05,-1.05,-.08,-1.93,.28,-.29,.33,-.74,-.14,-.27,.15,.10) * f0_3 +
    mat4(-.06,.35,-.59,-2.27,-.40,.03,-.85,-.64,-1.66,.21,-.18,-1.03,-.92,.30,-.04,-.26) * f0_4 +
    mat4(.10,-.22,.03,-.66,.37,-.90,.19,-.62,-.72,-3.00,-1.28,.94,.17,-.24,.11,-.09) * f0_5 +
    mat4(.29,.27,-.05,.25,-.39,-.65,.04,-.40,.47,-.08,.40,-.33,-.34,.25,-.15,-.46) * f0_6 +
    mat4(.04,-.64,.36,.01,-.37,.46,.00,-2.11,.57,.17,.24,-.12,-.79,1.62,-.04,-.21) * f0_7 +
    mat4(-.71,-.53,.44,-.48,.22,-1.08,.29,-.12,-.92,-.53,.83,-.38,-.31,-.22,.26,.57) * f0_8 +
    mat4(-.19,-.36,-1.38,-.05,-.11,1.12,-.34,-.76,-.01,-.02,.05,.71,-1.19,.17,-.02,1.05) * f0_9 +
    mat4(-.77,.66,.27,.15,-1.69,.30,-1.70,-1.10,.46,.22,.19,-.01,.33,-1.17,-1.29,-.16) * f0_10 +
    mat4(.42,-.19,.22,-.13,.08,-.07,.04,.71,-1.24,.65,-.63,-1.24,.72,-1.68,.09,-.70) * f0_11 +
    mat4(-.76,.81,-.57,.08,-.64,-.56,.37,-.79,.09,.45,-.09,-.28,.61,.21,.15,-.44) * f0_12 +
    mat4(-1.07,.04,-.03,.28,.26,.27,-.02,-2.11,.53,-.54,.15,-1.78,-.22,.44,-.04,.83) * f0_13 +
    mat4(-.51,1.30,-.20,-.90,-.48,-.41,-.09,-.04,-.80,-.62,-.79,.26,.44,-.13,.29,.40) * f0_14 +
    mat4(.41,-.20,-.52,-.67,.02,-1.14,-.10,.47,-.22,-.86,-.21,-.27,.42,.06,-.42,-.14) * f0_15 + vec4(.12,-.39,-.03,-.27));
    
    float out0 = dot(f1_0, vec4(-.02,.01,.11,.24)) + dot(f1_1, vec4(-.04,.02,-.34,-.05)) + dot(f1_2, vec4(.53,.08,-.11,.01)) + dot(f1_3, vec4(-.09,.06,-.11,-2.40)) + dot(f1_4, vec4(.06,1.16,.10,-.09)) + dot(f1_5, vec4(-.10,.05,-.70,.07)) + dot(f1_6, vec4(-.13,.27,.29,.11)) + dot(f1_7, vec4(-.08,-.02,-.33,.07)) + dot(f1_8, vec4(.18,.33,.25,.06)) + dot(f1_9, vec4(-.01,.18,.13,.01)) + dot(f1_10, vec4(-.07,-.10,-.06,-.38)) + dot(f1_11, vec4(.11,.11,-.41,.03)) + dot(f1_12, vec4(.11,.30,-.06,-.09)) + dot(f1_13, vec4(-.01,.06,-.32,-.08)) + dot(f1_14, vec4(-.02,-.66,-.17,.05)) + dot(f1_15, vec4(-.02,.29,.27,.93)) + .06;
    float out1 = dot(f1_0, vec4(-.03,.06,.05,.15)) + dot(f1_1, vec4(.03,-.03,-.31,-.08)) + dot(f1_2, vec4(.33,.11,-.06,-.09)) + dot(f1_3, vec4(.03,-.06,.11,-2.23)) + dot(f1_4, vec4(.12,-.06,.16,.06)) + dot(f1_5, vec4(-.05,-.06,-.59,.05)) + dot(f1_6, vec4(.13,.03,.22,.08)) + dot(f1_7, vec4(-.09,-.02,-.34,.10)) + dot(f1_8, vec4(.10,.24,.18,.00)) + dot(f1_9, vec4(-.03,-.05,.11,-.05)) + dot(f1_10, vec4(.06,.01,-.05,-.32)) + dot(f1_11, vec4(-.08,.03,-.38,-.01)) + dot(f1_12, vec4(.25,.11,-.12,-.08)) + dot(f1_13, vec4(.00,-.01,-.37,-.05)) + dot(f1_14, vec4(-.04,-.61,-.25,.00)) + dot(f1_15, vec4(.00,.28,.12,.70)) + .03;
    float out2 = dot(f1_0, vec4(-.01,-.11,-.11,-.01)) + dot(f1_1, vec4(.16,.04,-.22,.02)) + dot(f1_2, vec4(-.05,.19,.20,.02)) + dot(f1_3, vec4(-.08,-.32,.13,-2.14)) + dot(f1_4, vec4(.04,-.03,.28,-.01)) + dot(f1_5, vec4(-.02,-.39,-.23,.05)) + dot(f1_6, vec4(.01,-.21,-.03,.18)) + dot(f1_7, vec4(-.04,.06,-.26,.03)) + dot(f1_8, vec4(-.17,.14,.09,-.07)) + dot(f1_9, vec4(.01,-.26,.20,-.10)) + dot(f1_10, vec4(-.10,.01,.01,-.19)) + dot(f1_11, vec4(.03,-.25,-.31,-.10)) + dot(f1_12, vec4(.67,-.42,.06,-.05)) + dot(f1_13, vec4(-.05,.09,-.38,.05)) + dot(f1_14, vec4(-.09,-.53,-.13,-.02)) + dot(f1_15, vec4(-.08,.21,-.05,.26)) + -.05;
    float out3 = dot(f1_0, vec4(2.70,.39,-.00,-.07)) + dot(f1_1, vec4(-.05,3.04,.03,.06)) + dot(f1_2, vec4(-.43,1.50,-.07,.02)) + dot(f1_3, vec4(.06,-.07,-1.64,-.04)) + dot(f1_4, vec4(-.19,-.28,.10,-.06)) + dot(f1_5, vec4(-.03,-.18,.71,-.05)) + dot(f1_6, vec4(-.01,.15,-.32,-.03)) + dot(f1_7, vec4(-2.72,2.33,.93,.02)) + dot(f1_8, vec4(-.52,-.02,.26,1.14)) + dot(f1_9, vec4(2.34,-.06,-.06,3.59)) + dot(f1_10, vec4(.04,3.86,-.01,-.09)) + dot(f1_11, vec4(.03,-.43,.04,2.33)) + dot(f1_12, vec4(-.05,-.72,-.01,.02)) + dot(f1_13, vec4(2.99,-.08,-.28,2.64)) + dot(f1_14, vec4(.07,-.02,-.07,1.48)) + dot(f1_15, vec4(2.50,-2.20,-.02,-.23)) + -.04;
    return vec4(out0, out1, out2, out3);
}
